"","","","","","Var1","Var2","Var3","train_QQ_Y"
"1",0.177975984943332,0.523721177667612,0.165340273199836,0.725960178767564,1,1,1,77.3747637808602
"2",0.329766170663061,0.613643480654573,0.550348012326285,0.424372921251925,1,1,1,77.7021799859729
"3",0.215161308333045,0.578830643323017,0.899933544552187,0.0875515917525627,1,1,1,64.1193803608123
"4",0.505658763167448,0.0325906214537099,0.333753566977102,0.545585264604306,1,1,1,19.4700728153688
"5",0.171059877329972,0.392650566652883,0.188026567818597,0.0077306725201197,1,1,1,58.1821345506609
"6",0.518275300282985,0.959394745371537,0.42133710529306,0.92525136273005,1,1,1,140.394421703784
"7",0.815598481838824,0.243580009487923,0.15202833692194,0.655810443176888,1,1,1,41.1244934515464
"8",0.499899371475913,0.892281968523748,0.839830085377907,0.948401506483788,1,1,1,109.059796797207
"9",0.575741829238832,0.285684982640669,0.106006398218451,0.826124991291435,1,1,1,46.9141355703569
"10",0.594299119856441,0.643625566392439,0.739921669854084,0.387937827636488,1,1,1,76.2727957555294
"11",0.805293215439888,0.319718539618189,0.170982290607644,0.680670568309724,1,1,1,49.5269558097201
"12",0.612475328634027,0.279603610123741,0.630444431883516,0.433562157008564,1,1,1,36.9828609121142
"13",0.291695618653903,0.235656729645561,0.814538337646518,0.980951831112616,1,1,1,30.796281331958
"14",0.623586682060268,0.10861065621837,0.919746428994695,0.887450722733047,1,1,1,20.3246932998193
"15",0.317213999450905,0.75034443329554,0.159501627850113,0.404153547693277,1,1,1,115.487907687468
"16",0.419316524998285,0.143508673381293,0.235579593256116,0.390507772804704,1,1,1,29.6560932780839
"17",0.105503045697697,0.197497929194942,0.912831469262019,0.620303352847695,1,1,1,26.7487140527114
"18",0.393320316750323,0.534413774670102,0.642601930277888,0.356932906011352,1,1,1,64.7256771292846
"19",0.103956947807455,0.771491695734439,0.715404762406833,0.0425678286666516,1,1,1,94.9492781090785
"20",0.942185723007424,0.118906626645476,0.0319175266171806,0.0501517306710593,1,1,1,30.1683503642714
"21",0.0514842661947478,0.922291788330767,0.277050284279976,0.873667779136449,1,1,1,141.770803235877
"22",0.976826613978483,0.473501123199239,0.504885442113737,0.616944738051388,1,1,1,60.5138308455248
"23",0.89904718554928,0.717299690095242,0.409823739553103,0.194412167137489,1,1,1,98.102743987911
"24",0.96534005913185,0.245762764756801,0.521894215090433,0.346803826586111,1,1,1,35.2976654468232
"25",0.489078803204466,0.424571977717569,0.870688281466719,0.585856450396823,1,1,1,47.6504398465937
"26",0.210193292523036,0.402886820161948,0.781715566836065,0.540946514597163,1,1,1,46.8936699110047
"27",0.0700799664936494,0.650857757346239,0.89466601928114,0.0146097158873454,1,1,1,73.0484424516393
"28",0.296026266718982,0.604651607971173,0.944013109364314,0.446136149931699,1,1,1,66.2649713959662
"29",0.764384590552654,0.599371078041149,0.56730007064878,0.323397466742899,1,1,1,75.2145446853073
"30",0.142737847237149,0.0628977825224865,0.756661087787943,0.264804877905408,1,1,1,18.4105045080156
"31",0.349207233276684,0.0171456859342288,0.294004943098407,0.698887601033784,1,1,1,18.6771569488258
"32",0.0608226625353564,0.165704078004928,0.427356994426809,0.991635372171877,1,1,1,29.2417317995631
"33",0.379645685129799,0.320620131627657,0.194245622897288,0.670185369829414,1,1,1,49.1099876877128
"34",0.066504277131753,0.21490910709952,0.665992764359107,0.26995935859275,1,1,1,30.6883225467434
"35",0.336442280160263,0.0848904179746751,0.012178850491764,0.934245937209344,1,1,1,27.2313207296029
"36",0.161604548019823,0.691156487159897,0.573324194934685,0.505214045265457,1,1,1,88.0807910563812
"37",0.914533188838977,0.980847359390464,0.8832920787693,0.189765407164814,1,1,1,121.217526006134
"38",0.0438343508332036,0.585080820623552,0.209751901247073,0.00179355404223315,1,1,1,84.9965337287863
"39",0.688320051097544,0.699168753842823,0.854089825508418,0.480566683814395,1,1,1,80.5095963182377
"40",0.382509607174434,0.177239914684324,0.352173412563279,0.694192241925048,1,1,1,31.223902724459
"41",0.484463927337201,0.202890484688105,0.0358361215388868,0.804057799322763,1,1,1,38.8518142885592
"42",0.973505670448067,0.372871942596976,0.0931791920983233,0.0242879327666014,1,1,1,58.1555558241536
"43",0.305133051810553,0.627367376296315,0.197817326877266,0.132543719304958,1,1,1,92.2613279629103
"44",0.716400916528655,0.624093960615573,0.386118871178478,0.867794292648323,1,1,1,84.6582747978574
"45",0.197176589767914,0.0222968243004289,0.0695541703258641,0.780538587513147,1,1,1,21.115891494352
"46",0.0117053824488539,0.859873251387617,0.0645590686227661,0.250588170480914,1,1,1,142.637502419027
"47",0.254156899935333,0.0117693940107711,0.499057354057441,0.23726100285654,1,1,1,16.787556992246
"48",0.801921233633766,0.00704895860748366,0.456031220667064,0.240190793913789,1,1,1,16.7680251501669
"49",0.156832732574549,0.914290933955926,0.847755210618488,0.308922437198926,1,1,1,112.041190690857
"50",0.49425974506652,0.7412652954238,0.184105518854922,0.414560472894227,1,1,1,112.552141358029
"51",0.304840536763659,0.537160637660418,0.560234099472873,0.523748509996803,1,1,1,67.1760104682721
"52",0.776505016017472,0.798321973116836,0.441284537136089,0.651295296921162,1,1,1,110.247095593968
"53",0.277268203726271,0.759836886913981,0.0810824479721487,0.661653182884911,1,1,1,121.723449103515
"54",0.991557380938902,0.298811013792874,0.452402856346453,0.172458847510861,1,1,1,41.6228023516533
"55",0.714940989888273,0.886732235967647,0.416927242334932,0.920304074831074,1,1,1,127.04274091524
"56",0.582278194358805,0.90968201402924,0.74672563400236,0.0612117382441647,1,1,1,115.269492971364
"57",0.365802560299635,0.509348203109112,0.219461194267496,0.45723434516578,1,1,1,73.3610250081977
"58",0.572942130846204,0.526124357182998,0.843494641436264,0.833633684556698,1,1,1,59.2455215611605
"59",0.0344422761921305,0.558265066385502,0.614664590064203,0.745280161114642,1,1,1,68.5007437256334
"60",0.81441172070452,0.546376888431842,0.658951267137891,0.641576763378689,1,1,1,65.8521524902899
"61",0.269038175621536,0.478529836888192,0.201188552412204,0.136252776915208,1,1,1,69.4817272360379
"62",0.877134503052803,0.226888766585616,0.32289767296752,0.966201488113729,1,1,1,36.4226957140652
"63",0.552219216558151,0.869097605699208,0.726595182798337,0.502332425345667,1,1,1,109.73252757725
"64",0.537527881956194,0.918869371233741,0.0559060246101581,0.204570622422034,1,1,1,155.807484021173
"65",0.938327731075697,0.387107715657912,0.997187873207731,0.919422633670038,1,1,1,42.0362528861544
"66",0.261910879547941,0.101439611093374,0.989465953513281,0.551135711894603,1,1,1,19.383621426091
"67",0.630443823589012,0.30270621194737,0.649202483973932,0.532533578223083,1,1,1,38.9303822961815
"68",0.354227709323168,0.951248772416729,0.374435262727784,0.979442713513272,1,1,1,141.583845459689
"69",0.362868475208525,0.730102379134623,0.252477652116213,0.212509072116809,1,1,1,107.13434929361
"70",0.167126114553539,0.848497981993714,0.232579375904752,0.518136899746023,1,1,1,129.909388630664
"71",0.331578579582274,0.655691733243875,0.0749901269574184,0.738623327990063,1,1,1,102.815188620776
"72",0.690354261205066,0.777360547857825,0.65152891944861,0.419943521081004,1,1,1,98.2455491040374
"73",0.767016394562088,0.337888709295075,0.436867387996754,0.161854096493917,1,1,1,46.0754361625431
"74",0.234466910412302,0.544740500424523,0.956040071101161,0.628628143197857,1,1,1,59.0633041719199
"75",0.774221266093664,0.377096654275665,0.549205389674753,0.363957154251402,1,1,1,48.2748806244485
"76",0.132681705647847,0.171706107915379,0.879700915049762,0.286614507049089,1,1,1,25.088142300724
"77",0.96322451891494,0.515195979645941,0.706604485542048,0.0318542916642036,1,1,1,60.8338336569622
"78",0.188595322326291,0.412401510357158,0.136569390570512,0.776957641411573,1,1,1,62.3262544599458
"79",0.58755737212603,0.134816372056957,0.777409576871432,0.561956103383563,1,1,1,23.2398230223723
"80",0.946799264827277,0.409993177787401,0.829054358334979,0.731504258516943,1,1,1,46.8470277490645
"81",0.696379848960787,0.495110557668377,0.365109793219017,0.88154648469761,1,1,1,66.9730366582993
"82",0.149128871639259,0.291893210940761,0.818148693243274,0.147921786826337,1,1,1,35.6065283849793
"83",0.0291527511528693,0.649598854334327,0.176934181357501,0.103321154675214,1,1,1,96.8227387620636
"84",0.886987202384043,0.145692412131466,0.514623852823861,0.812268555661431,1,1,1,26.5555839628764
"85",0.0496333921130281,0.871023385807639,0.984771222751588,0.293752967434702,1,1,1,100.503230283537
"86",0.744258112600073,0.569598176955478,0.580043236276833,0.955560719220666,1,1,1,70.926897189711
"87",0.34006316939136,0.879226652067155,0.325271389816189,0.581145806356799,1,1,1,130.503750494582
"88",0.900311811044812,0.939273255382432,0.0999847759341355,0.559819169791881,1,1,1,157.192647305155
"89",0.0908403960149735,0.631704028330278,0.245569434764329,0.0492940437200014,1,1,1,90.9722805913696
"90",0.673634006488137,0.721965519709047,0.603445215489482,0.333220557761379,1,1,1,91.5729520083251
"91",0.637399790484924,0.560621494192164,0.122208946448518,0.712703758666758,1,1,1,84.7175996196061
"92",0.475132380443392,0.0967085285193753,0.830895458450541,0.440611237204867,1,1,1,20.146701848886
"93",0.534121109830448,0.232512293340405,0.671662634528475,0.743715842413949,1,1,1,32.1605582859025
"94",0.684557968021836,0.0499585710943211,0.102550174434436,0.612816061880439,1,1,1,23.0408180728646
"95",0.449283858487615,0.932882873632479,0.542283950746059,0.232399695607601,1,1,1,128.688380987291
"96",0.228855997321662,0.574921905794181,0.375191813965794,0.318550578278955,1,1,1,77.7111727990533
"97",0.222206439040601,0.749917326458963,0.494106023069471,0.222376221512677,1,1,1,99.9378217703925
"98",0.118140523419715,0.182838343076874,0.338127562082373,0.706875987144886,1,1,1,31.9323487503914
"99",0.793126241044374,0.129901351365261,0.14041031061206,0.498618104693014,1,1,1,29.6811643601941
"100",0.70347344754613,0.852126369831385,0.227572603444569,0.838644366237568,1,1,1,131.006662564016
"101",0.202255266914144,0.7059621479013,0.954801860350417,0.111330702413106,1,1,1,78.5824163498537
"102",0.997501414293656,0.222228241540724,0.111761947987834,0.487879086388275,1,1,1,39.532349191654
"103",0.151034039995866,0.0555623275251128,0.310282172887819,0.592665601988556,1,1,1,21.3998891775106
"104",0.678951260428876,0.988405595787335,0.403261476005428,0.57247015590081,1,1,1,146.962634465484
"105",0.706061237864196,0.0753288651315961,0.5986230630707,0.492411470549414,1,1,1,20.4031859779745
"106",0.955735985343344,0.139055097780656,0.0888558309793007,0.382449692661176,1,1,1,31.2986177992364
"107",0.0859039932361338,0.672650031745434,0.537586420114385,0.152295380884316,1,1,1,86.4909932834712
"108",0.883448404727969,0.7828944997699,0.433885669746669,0.677827758518979,1,1,1,107.984474060194
"109",0.112879405746935,0.0865091466426384,0.118065009446582,0.906394108211389,1,1,1,26.0141962418026
"110",0.754336948260898,0.0261612601683009,0.695281889067264,0.596511872435221,1,1,1,16.4564730884923
"111",0.0372501336119603,0.269125636487734,0.966029514688998,0.793304025293328,1,1,1,31.9385294879843
"112",0.755939564632717,0.810805421451805,0.93033925444819,0.166310468708398,1,1,1,93.5642730294381
"113",0.248066455215449,0.961648635187885,0.626236566689331,0.93551434725523,1,1,1,129.887447680614
"114",0.871576090477174,0.259202411364531,0.888153712105704,0.850678892884171,1,1,1,31.9598219792457
"115",0.438410340994596,0.00289282997371629,0.763411628679605,0.970661793415202,1,1,1,14.6652490587828
"116",0.748086383895716,0.208518182174303,0.609225577812176,0.576282787903911,1,1,1,30.8061161892587
"117",0.121002978625475,0.15687668121187,0.160244636633433,0.397500272295438,1,1,1,31.9754057153873
"118",0.984012731469702,0.802438827153528,0.467689891353948,0.27180958872661,1,1,1,109.645895571344
"119",0.560244938416872,0.582285971143283,0.286509712425759,0.207560243653134,1,1,1,81.7947114276087
"120",0.921538408143679,0.484801468687365,0.488914825288812,0.469220639183186,1,1,1,62.3063013418625
"121",0.925389764296124,0.837130490518175,0.0245164669479709,0.96402813832392,1,1,1,140.957399581278
"122",0.281779124790337,0.793865921762772,0.975014178766869,0.721618115296587,1,1,1,89.9278903932141
"123",0.868392385749612,0.898904076697072,0.929618608872406,0.0716890268411953,1,1,1,106.482691473625
"124",0.660133520739619,0.452659485313343,0.00265221785055473,0.0751311964832712,1,1,1,72.3590380469493
"125",0.625663287907373,0.619019848571625,0.270401497869752,0.479875057075406,1,1,1,88.0992746855904
"126",0.643180973117705,0.94904676788603,0.532182610074524,0.774411365486449,1,1,1,132.342162248143
"127",0.600112849284196,0.668439262071624,0.396578574815067,0.985973604345927,1,1,1,91.0672261478594
"128",0.0993263719649985,0.382181948800571,0.774258362778928,0.631614173164125,1,1,1,44.8956549696708
"129",0.27299358690856,0.593175770969829,0.358565020206152,0.765781119073508,1,1,1,80.9980440965842
"130",0.470037941375049,0.348089733403176,0.97365535171004,0.607611819454469,1,1,1,38.7188882816942
"131",0.796296803796431,0.189763852192555,0.482492553681368,0.115691040584352,1,1,1,30.6732212228973
"132",0.543609272895846,0.425432875804836,0.362231774617685,0.0286467730265576,1,1,1,57.9278751011778
"133",0.421949253521161,0.154849148538196,0.448750228600111,0.1204249378026,1,1,1,28.0316274064542
"134",0.720800359498244,0.500255708228797,0.47337988137966,0.108059599198168,1,1,1,64.6245933601799
"135",0.952965235827724,0.327979063149542,0.133942042205017,0.806478384851944,1,1,1,51.410145201372
"136",0.830762710849522,0.341999838674674,0.823023514607921,0.876526399243157,1,1,1,40.2073203395077
"137",0.410267442394979,0.270323310191743,0.616586826554267,0.055325068217935,1,1,1,36.2816276870324
"138",0.78767220152542,0.840262832744047,0.411985863745213,0.75226219574688,1,1,1,118.903353558465
"139",0.595439503893722,0.36649585664738,0.460932085870299,0.799784300092142,1,1,1,48.8280929125466
"140",0.605234638866968,0.351482641041512,0.0451763812894933,0.126877550944919,1,1,1,56.6587258539737
"141",0.525300899323775,0.46543345744838,0.711682378018741,0.822615891600726,1,1,1,55.0005235543104
"142",0.323996506837429,0.252162326101679,0.724436386970338,0.818995646021795,1,1,1,33.2526507379167
"143",0.891141415494494,0.929032756331144,0.128776141218841,0.405959901759634,1,1,1,152.805337337247
"144",0.466030465362128,0.283529554781271,0.733743197020376,0.787453284761868,1,1,1,35.9569910236235
"145",0.557683245359221,0.0505869850504678,0.556898569556652,0.301764981866581,1,1,1,18.9899866326685
"146",0.618802356477827,0.880700075514615,0.808015419217991,0.762176750577055,1,1,1,108.433910152404
"147",0.208598724575713,0.68641894771019,0.224636605232954,0.895243768609362,1,1,1,101.101866289632
"148",0.989838060787879,0.440302385073155,0.907674352551112,0.377654590016464,1,1,1,48.6442341463942
"149",0.404615930574946,0.160315847529564,0.685123721186537,0.0364493555459194,1,1,1,25.9930271575071
"150",0.00705787350540049,0.826992999863578,0.79994087707717,0.464818502517883,1,1,1,100.41312175926
"151",0.85245564176701,0.309858786754776,0.690180458762916,0.328553972019581,1,1,1,39.0148325236756
"152",0.650880171915051,0.362015476899687,0.701313369858544,0.296124013990629,1,1,1,44.007852584899
"153",0.125836321172537,0.639988898561569,0.00608484326046892,0.569914153963327,1,1,1,103.43574442601
"154",0.91653297796729,0.940495577137917,0.266261496252846,0.17554100400419,1,1,1,145.739453192643
"155",0.8637039428961,0.455381450189743,0.902294033040525,0.0662963543960359,1,1,1,50.2776642844406
"156",0.015967282736674,0.969039012215799,0.869814843906788,0.371339617773192,1,1,1,119.940749954331
"157",0.648471322607947,0.738903439325513,0.575435602238867,0.758589934367919,1,1,1,95.2280547588377
"158",0.357871933087008,0.190158314163564,0.213621835052036,0.314370852059219,1,1,1,34.4397311351788
"159",0.826402293924475,0.448745114019839,0.664253181579988,0.354527295589214,1,1,1,54.0309736927519
"160",0.409857755380217,0.514608549578115,0.264791129365331,0.47476628854638,1,1,1,72.6488538472823
"161",0.455594317805953,0.0700790979375597,0.99399465422146,0.226664707741002,1,1,1,17.3869296217875
"162",0.00377778716152534,0.0424739567772485,0.96337851290009,0.648778491996927,1,1,1,15.9108680948439
"163",0.19433957329602,0.995699916157173,0.937572180482093,0.0847256212902721,1,1,1,121.317108898427
"164",0.666121471385704,0.679323361726711,0.0278195813135244,0.526086294717388,1,1,1,109.474246463381
"165",0.837989268772071,0.823882672740146,0.593336619164329,0.841145933989901,1,1,1,107.961067490105
"166",0.43165115411859,0.0399579287157394,0.624553793552332,0.849103279350093,1,1,1,17.7985602555099
"167",0.289496911837487,0.359274935349822,0.790211979534943,0.954478905452415,1,1,1,42.365726004317
"168",0.259389842238743,0.43226307322504,0.394041407182813,0.687968509758357,1,1,1,58.074922851614
"169",0.0840107265184633,0.83433136350126,0.241604989576153,0.14296875940403,1,1,1,126.516698730996
"170",0.0216701166308485,0.978364961687475,0.303796156898607,0.0159581112640444,1,1,1,150.817953696476
"171",0.521889679443557,0.762011242805747,0.0545755058713257,0.6691733073059,1,1,1,123.713130213747
"172",0.840152096810052,0.435451111636357,0.25729827083298,0.894304166024085,1,1,1,62.0203132359411
"173",0.857558581748744,0.702203969814582,0.0778341534908395,0.91230851596687,1,1,1,111.111333653148
"174",0.930209360858426,0.901349144343985,0.347030096692033,0.0999972725578118,1,1,1,133.207192727158
"175",0.848766053946456,0.606897097375477,0.149931049707811,0.338583452701569,1,1,1,90.9869776702585
"176",0.0563971939927433,0.263814844817389,0.858976051474456,0.716333745499142,1,1,1,32.6758937981498
"177",0.241917750358116,0.710029459286015,0.860120836254209,0.637052717809565,1,1,1,81.8213940611433
"178",0.784681412923383,0.330833457388217,0.525743074322818,0.903866437715478,1,1,1,43.7509174414367
"179",0.443049602087121,0.489455165406689,0.788627583757043,0.281641720976913,1,1,1,56.1343592246656
"180",0.136886951182969,0.121131036157021,0.284998916046461,0.43607039768598,1,1,1,27.0360791232002
"181",0.737398394083139,0.463885811516084,0.316370729077607,0.158861231664196,1,1,1,64.0873735825044
"182",0.908394667797256,0.553174189996207,0.753808754394995,0.195397829775466,1,1,1,64.3646738822806
"183",0.512505609520013,0.492384838240687,0.800693240342662,0.859184240591712,1,1,1,56.2671511343659
"184",0.65778331206413,0.314452921765624,0.295686712902971,0.255893125946168,1,1,1,46.2180250684659
"185",0.820524738921085,0.815295626942534,0.0427573712496087,0.277843472021632,1,1,1,134.92536333859
"186",0.397909769373946,0.726033532582223,0.680485976584023,0.246169771297136,1,1,1,89.5205508585088
"187",0.078211677139625,0.41699244748801,0.383173733417643,0.943852279655403,1,1,1,56.4621379402031
"188",0.549259726598393,0.99055676822667,0.675431828257861,0.454783856358845,1,1,1,132.420145464871
"189",0.504764445304172,0.972250493522733,0.0183308080944698,0.996462914317381,1,1,1,171.269474843128
"190",0.183977477301378,0.862520595381502,0.767674892415525,0.601833252004581,1,1,1,107.104403280991
"191",0.387512139305472,0.807697577405488,0.63666584911407,0.702178415172966,1,1,1,103.594237752586
"192",0.37340446235612,0.111036303307628,0.741848811398959,0.366538014146499,1,1,1,21.8092104949927
"193",0.425207359391497,0.21896854885621,0.34449683064362,0.091874997143168,1,1,1,35.2768272775989
"194",0.73491728473804,0.769854190729093,0.517365457487758,0.344647188700037,1,1,1,102.228929934588
"195",0.239020159989595,0.787276940338779,0.477319248467684,0.182016884542536,1,1,1,106.670283696454
"196",0.310927037175279,0.0679334349988494,0.589591925595887,0.862580556909088,1,1,1,19.955036656067
"197",0.454130459361477,0.663125344994478,0.921990549149923,0.513420251355274,1,1,1,74.0059955699129
"198",0.567336046316195,0.0940335446805693,0.507700474131852,0.536411650696537,1,1,1,22.5385439704855
"199",0.728758079225663,0.681355125094997,0.949342095453758,0.426965803946368,1,1,1,75.6189788417259
"200",0.461273340657353,0.397384015636053,0.308076736998046,0.216761687555118,1,1,1,55.7787930880484
"201",0.75469021241297,0.220853651231155,0.537858203973155,0.592879839760717,2,1,1,38.4348177641497
"202",0.0148315213725436,0.357359404583694,0.989949302837486,0.218712185132317,2,1,1,46.1180348586856
"203",0.398616425462533,0.322097601159476,0.047184053742094,0.578734104812611,2,1,1,61.9200031700238
"204",0.870558419108856,0.860962058393052,0.881780186310643,0.192419326712843,2,1,1,120.204488245681
"205",0.619769411046291,0.0520747432124335,0.527118356442079,0.737799550083,2,1,1,22.6531603393774
"206",0.961774008930661,0.581137364889728,0.0635301309032366,0.200843959231861,2,1,1,105.985490686481
"207",0.827866316369036,0.5878796319291,0.242816871860996,0.638607028371189,2,1,1,98.8657988941098
"208",0.183297253078781,0.812043189950055,0.720921779493801,0.600570070369868,2,1,1,118.464301662553
"209",0.655005994589301,0.70600809615571,0.621818369615357,0.427989675960271,2,1,1,103.880810843079
"210",0.939595014078077,0.187449329766678,0.255991138647078,0.446044640969485,2,1,1,39.3159662965566
"211",0.999235447074752,0.878210152937099,0.659710450879065,0.503616395916324,2,1,1,133.626881113377
"212",0.207552006809274,0.731941351704299,0.607918415871682,0.257212303358829,2,1,1,108.903933587544
"213",0.967189121757401,0.334231149055995,0.569434622199042,0.868523536322173,2,1,1,50.8346245406081
"214",0.920892543323571,0.528883566376753,0.865209268233739,0.243308797422796,2,1,1,69.2462140833731
"215",0.426281236283248,0.00903535619843751,0.0752396965224762,0.969727017988916,2,1,1,23.453541701011
"216",0.63814898826764,0.721392850958509,0.144088769780938,0.530429868041538,2,1,1,130.20015353948
"217",0.0606183493486606,0.883558528351132,0.957118740415899,0.702941655822797,2,1,1,121.227304239863
"218",0.434064443379175,0.556085576836485,0.573923641312867,0.279921525120735,2,1,1,81.1791476737395
"219",0.119470641133375,0.303232915584231,0.69983653388219,0.329922172470251,2,1,1,44.8368172711084
"220",0.0654778747016098,0.00108178145019338,0.818548997059697,0.36628064374323,2,1,1,16.7330502587161
"221",0.195987776436377,0.895450751420576,0.614299040064216,0.461854734176304,2,1,1,139.327205827838
"222",0.22237551198341,0.956899112879764,0.3786973637552,0.803727951981127,2,1,1,166.920848499718
"223",0.042932142787613,0.900514514062088,0.234833679874428,0.764208705609199,2,1,1,164.172531344365
"224",0.123613487123512,0.107344518072205,0.212055460545234,0.718354083977174,2,1,1,31.3115353865874
"225",0.187360660998384,0.259209733229363,0.77910899500479,0.195226462094579,2,1,1,38.9170488857484
"226",0.803270360411843,0.192756032432662,0.794404220182914,0.21411276917439,2,1,1,32.2349741702879
"227",0.0314243745710701,0.397659174398286,0.756610714496346,0.570668780305423,2,1,1,54.8408822464145
"228",0.379798625811236,0.0756490443123039,0.541441558281658,0.373027935266728,2,1,1,24.484085399189
"229",0.992049434026703,0.384092913646018,0.050491458150791,0.827233567490475,2,1,1,71.4952176460954
"230",0.793582125832327,0.930794580406509,0.333166376039153,0.733244935057592,2,1,1,164.117223102929
"231",0.0993146383960266,0.923751859933836,0.87650665014633,0.36300654573366,2,1,1,131.813144152369
"232",0.584605819723802,0.283756208581617,0.223528431280283,0.631603659898974,2,1,1,51.8363398467663
"233",0.955138171151048,0.0971682149835397,0.472408788892208,0.662210799100576,2,1,1,27.0865296062535
"234",0.676792743362021,0.68341029030853,0.19352917892742,0.233433848730056,2,1,1,119.412323501865
"235",0.852611185562564,0.340225309870439,0.270758737887954,0.0124137376085855,2,1,1,58.2638896176169
"236",0.670147478044964,0.449097234675428,0.17614189896849,0.652510143537074,2,1,1,77.607577512705
"237",0.390579787882743,0.494911325540161,0.119271368632326,0.981176604828797,2,1,1,87.5803237302345
"238",0.602342644417659,0.169455196429044,0.62986554970732,0.114126498295227,2,1,1,31.9829456016161
"239",0.141592300068587,0.427723961104639,0.418119249674492,0.842345976721263,2,1,1,66.7689577510767
"240",0.477416126583703,0.250660996217048,0.409046947793104,0.246743222166551,2,1,1,43.8829132849316
"241",0.318402338129235,0.714316906329477,0.131823541998165,0.699041710911552,2,1,1,129.490666637208
"242",0.110706436812179,0.238556776040932,0.497191774462117,0.396941014819313,2,1,1,40.9918272205755
"243",0.723834566975711,0.160932094396558,0.935539182731882,0.754174848244293,2,1,1,27.9459397760809
"244",0.808634493782884,0.413191823306261,0.26379516734858,0.357126549273962,2,1,1,69.0531435969028
"245",0.247994987885468,0.417121512726881,0.748213599489536,0.853988332307199,2,1,1,57.4307844214204
"246",0.447453962597065,0.032128768961411,0.173673420184059,0.17092287505744,2,1,1,24.457736240519
"247",0.547015220512403,0.649389986024471,0.247856347665656,0.5887203176599,2,1,1,110.065700140271
"248",0.626650483304402,0.719180318674771,0.0651711916702334,0.042256308728829,2,1,1,134.41876561906
"249",0.799807198062772,0.795963073706953,0.905290667868685,0.657956571347313,2,1,1,108.291433584411
"250",0.642956947708735,0.213305631749099,0.308092010938562,0.996601299595786,2,1,1,41.3874118482257
"251",0.523371835496509,0.545015413322253,0.575333676526789,0.251094799198909,2,1,1,79.4427673365062
"252",0.342232211272931,0.484486215198413,0.615960663211299,0.127223999936832,2,1,1,69.4197074067596
"253",0.035054689272074,0.552324704993516,0.151747560135555,0.16080547400401,2,1,1,96.3217594473853
"254",0.882406869361876,0.337437429196434,0.634801913039992,0.478222733874572,2,1,1,49.9389055588452
"255",0.56258431377355,0.94962102432386,0.643456035255222,0.629643339302856,2,1,1,148.722736199141
"256",0.0286448871239554,0.619888247790514,0.303565483080456,0.775327350287698,2,1,1,102.020722164939
"257",0.894129852609476,0.569867613505339,0.189161385307088,0.691605353071354,2,1,1,97.9737210694261
"258",0.875688277996378,0.516692822510377,0.805614201192511,0.412640130685177,2,1,1,69.0728182862044
"259",0.737134395331377,0.70006773287314,0.114853831329383,0.926006146088475,2,1,1,127.546403459428
"260",0.536449325260473,0.179759058601921,0.837727184601827,0.400398094091797,2,1,1,30.5701870906936
"261",0.150567630736623,0.524686310611432,0.443731000318658,0.424354980940698,2,1,1,80.5202592485548
"262",0.553367842799053,0.673653860094491,0.0167808918759692,0.792809836361557,2,1,1,127.892009147236
"263",0.345932063310174,0.465650729087647,0.934157549139345,0.226172843034146,2,1,1,59.5842228453159
"264",0.0791288721037563,0.327385179339908,0.662460078703007,0.940082045135787,2,1,1,48.2626452296045
"265",0.680162881977158,0.0656522458442487,0.706037057917565,0.418141707379837,2,1,1,22.2057811789344
"266",0.517975131542189,0.2885278786649,0.413967168371892,0.0972848967299797,2,1,1,48.3025468836251
"267",0.950415165820159,0.560895396847045,0.455888525627088,0.913319400759647,2,1,1,85.9325353580085
"268",0.367166055338457,0.593719848396722,0.728767043063417,0.0225895885005593,2,1,1,82.0670615154823
"269",0.162286430937238,0.868839897308499,0.105862747506471,0.953736053392058,2,1,1,166.494385122883
"270",0.072704173537204,0.486092987733427,0.559123825021088,0.0561850301444065,2,1,1,71.1740807310825
"271",0.489978042698931,0.151646333409008,0.668142690487439,0.52379350986681,2,1,1,29.8827595950339
"272",0.668865531367483,0.751477539290208,0.227508689137176,0.519277297946392,2,1,1,131.566116492652
"273",0.530866614250699,0.872179884874495,0.29340293328627,0.814445893968223,2,1,1,153.636252778574
"274",0.25461033034022,0.345585258275969,0.398567026717355,0.745229470466729,2,1,1,55.9337344573637
"275",0.381629070005147,0.0214767617243342,0.371148672334384,0.987088696134742,2,1,1,21.5437325350511
"276",0.0224482628714759,0.370730472098803,0.0744353644154035,0.454556342000142,2,1,1,68.522885313977
"277",0.857875155333895,0.980301869295072,0.943107371885562,0.683693686167244,2,1,1,139.356317966264
"278",0.358843655650271,0.892980710819829,0.975658594275592,0.0929683770809788,2,1,1,121.898925716038
"279",0.459173157252371,0.197329378469149,0.0207633019762579,0.0892223213252146,2,1,1,45.1307677596541
"280",0.436407225965522,0.0864587781205773,0.479538717636606,0.132463079444133,2,1,1,26.0398669443943
"281",0.773133771186694,0.990968925667694,0.549818724351935,0.30765347664943,2,1,1,162.854596156627
"282",0.256239674946992,0.853082422396401,0.717958946386352,0.26049965599901,2,1,1,125.978022901621
"283",0.294834801646648,0.748310514952755,0.580945899785729,0.348162920763716,2,1,1,112.998728401299
"284",0.94958933154121,0.578248526193202,0.422426856029779,0.0276293169218116,2,1,1,89.8145614629381
"285",0.598671061082277,0.693585905506043,0.289044873012463,0.156705745058134,2,1,1,116.389061657286
"286",0.733565655124839,0.216982653808082,0.0321597729669884,0.310518576557515,2,1,1,47.4544486410665
"287",0.714663366749883,0.620176502163522,0.671686817479786,0.675044781750767,2,1,1,88.0341540250691
"288",0.648608415507479,0.103293079013238,0.347850707146572,0.282533771193121,2,1,1,29.1018659613941
"289",0.32541149940691,0.263110858325381,0.507237592774909,0.528378345761448,2,1,1,43.5890307663774
"290",0.461268335350323,0.117659825482406,0.451314357816009,0.557823631057981,2,1,1,29.2228311907094
"291",0.234170244430425,0.026956413637381,0.0816245322115719,0.135217211754061,2,1,1,25.0435849344902
"292",0.743670468569035,0.639239357511979,0.101924423353048,0.0689067756128497,2,1,1,115.43016798396
"293",0.363061675725039,0.125000406344188,0.928615557941375,0.934478852457833,2,1,1,25.0530803192497
"294",0.526441282654414,0.771311715877382,0.999735830443678,0.857782981757773,2,1,1,100.984157725213
"295",0.321360079539008,0.989068121262826,0.993431543724146,0.342848210940138,2,1,1,138.513652835931
"296",0.353706426477293,0.952205292233266,0.0352325400407426,0.483016374247381,2,1,1,193.476050881861
"297",0.492831422883319,0.133318934906274,0.325191593832569,0.846849008015124,2,1,1,32.3916712156382
"298",0.506262826052261,0.110500573960599,0.802334582060576,0.552847253412474,2,1,1,24.9770983956229
"299",0.298720060151536,0.146189104916994,0.0597751867561601,0.239381563244388,2,1,1,38.0404628145217
"300",0.469610324767418,0.142548561497824,0.654671679988969,0.83873335906188,2,1,1,29.2073197437614
"301",0.330647987287957,0.058509585558204,0.167993697837228,0.53697748976876,2,1,1,27.0178196630554
"302",0.746486934470013,0.782170139579102,0.521952545690583,0.295000359552214,2,1,1,121.940410278399
"303",0.824816222838126,0.573243208121275,0.136709867494646,0.1879148654046,2,1,1,100.884109563413
"304",0.651914675846929,0.662123163471697,0.448207054381492,0.079202779950574,2,1,1,103.190631625631
"305",0.943370774204377,0.0102004628931172,0.645509208741132,0.474957940654131,2,1,1,18.481899150249
"306",0.571540266191587,0.975971691372106,0.920075167267351,0.616172163001029,2,1,1,139.611056126871
"307",0.267675382625312,0.678098756122636,0.145164228354115,0.598240057136863,2,1,1,121.12723966194
"308",0.887102492153645,0.819289722422836,0.0259381960588507,0.00641128000803292,2,1,1,160.225498677575
"309",0.906383563780692,0.511691114207497,0.0920651821466163,0.862168331722496,2,1,1,91.7133390368804
"310",0.443031485161046,0.762770973781589,0.20575413942337,0.624064978228416,2,1,1,135.292315395772
"311",0.611308269901201,0.0153602744475938,0.872754909564974,0.01766761576524,2,1,1,17.3621263952664
"312",0.337662537543802,0.69819075597683,0.21980508395005,0.922848535850644,2,1,1,121.157263321438
"313",0.71960365183535,0.917758617901709,0.783205564613454,0.797222016124288,2,1,1,135.219363954084
"314",0.169467209879076,0.408260937383166,0.382728580604307,0.560082821092801,2,1,1,64.9298859207748
"315",0.372702971734107,0.96403326635831,0.897851282334887,0.64630335231428,2,1,1,138.429600665553
"316",0.831114382121014,0.539625244396739,0.128174347501481,0.154436906849733,2,1,1,95.0552528169857
"317",0.544023730831686,0.400765388497384,0.429459254731191,0.108539119680645,2,1,1,62.5910331707397
"318",0.847195757422596,0.0627212566998787,0.460228218452539,0.287129321780521,2,1,1,24.1678739775211
"319",0.934383055770304,0.542014968182193,0.120161414068425,0.713374648735626,2,1,1,95.9720031642954
"320",0.89653144259355,0.8370568652777,0.386495404987363,0.956185809153831,2,1,1,140.272241164335
"321",0.401260849204846,0.610744496652624,0.825541673352709,0.485858516866574,2,1,1,81.8363618217786
"322",0.202442167497939,0.789371462353738,0.892711799341487,0.916189237276558,2,1,1,107.70566585567
"323",0.137240734077059,0.935763649680885,0.842166487822542,0.388396606207825,2,1,1,135.65866750597
"324",0.285558959821938,0.687807518384652,0.00698789155110717,0.609505012938753,2,1,1,131.56754079203
"325",0.631415359847015,0.628161579032894,0.36609671512153,0.0368070202157833,2,1,1,100.615875803016
"326",0.910392970929388,0.940203615454957,0.77306837466429,0.18164966662298,2,1,1,139.77141859656
"327",0.862318931593327,0.385589594555786,0.864372475782875,0.409791892865906,2,1,1,51.3647959414352
"328",0.389709302178817,0.184736889222404,0.59441688631312,0.0501485199376475,2,1,1,33.9109416059253
"329",0.423004228443606,0.846340440475615,0.159061497264775,0.906615353993839,2,1,1,157.121023933101
"330",0.972465073856292,0.659717300424818,0.319388282148866,0.882852824934525,2,1,1,108.658797025875
"331",0.708216061185813,0.442361044486752,0.694861037138617,0.770564640439115,2,1,1,61.8231159199997
"332",0.696452533482807,0.90835156615125,0.403942272992572,0.0732647830492351,2,1,1,153.997501687813
"333",0.702855282870587,0.971135160796111,0.675349239060888,0.50764767936198,2,1,1,151.281069436716
"334",0.134823466128437,0.173243504870916,0.0421854517259635,0.666790871851845,2,1,1,41.6597300460743
"335",0.594798686894355,0.0723726939165499,0.266372844231082,0.269781061690301,2,1,1,27.1388050204764
"336",0.989732280524913,0.534064540646505,0.90381817831425,0.614955248082988,2,1,1,69.0576950712235
"337",0.0152897973475046,0.229020297226962,0.847517052815529,0.580652486664476,2,1,1,35.0397217604398
"338",0.243323077441892,0.759815329011763,0.49462247146992,0.332463535335846,2,1,1,119.041121388642
"339",0.755583108025603,0.808610423828941,0.638415865703719,0.0451137394772377,2,1,1,121.301489084019
"340",0.566470488753403,0.275738221880747,0.313773100971011,0.272566236649873,2,1,1,48.7853021667797
"341",0.170379620526219,0.472052785124397,0.962553082660306,0.809029873686377,2,1,1,59.842842074505
"342",0.918509625273291,0.769795365080936,0.73877745926613,0.789541245404398,2,1,1,110.300739620234
"343",0.210753768942086,0.394772361123469,0.433354411708424,0.0803859733545687,2,1,1,61.6605877515614
"344",0.413620748976246,0.666549671001267,0.236897255335934,0.566656262869947,2,1,1,113.912755506978
"345",0.868956323263701,0.200245345417643,0.850691084736027,0.499411350062583,2,1,1,32.2934318820612
"346",0.692326227304293,0.352050213691546,0.858350467369892,0.434954948729137,2,1,1,47.6557893508854
"347",0.311421076231636,0.269710930293659,0.0147212738462258,0.441109735078644,2,1,1,55.1576317271406
"348",0.578181477262406,0.498496723780408,0.731612025890499,0.222549529222306,2,1,1,68.4046244397895
"349",0.00371490689925849,0.290682603587629,0.974789721604902,0.375729635056341,2,1,1,39.4415357649233
"350",0.0497981346503366,0.858456826589536,0.59966547341668,0.768291796515696,2,1,1,132.906484594674
"351",0.685740476412466,0.376924675460905,0.968297021819744,0.121127797587542,2,1,1,48.5861491350207
"352",0.262888906991575,0.0944474979036022,0.813050766875967,0.945910753564676,2,1,1,23.5956161627131
"353",0.605601754226955,0.843065788462991,0.954093740057433,0.876083261846798,2,1,1,114.408547094583
"354",0.105922267687274,0.043206016732147,0.339868780203396,0.438468744098209,2,1,1,23.6818089081374
"355",0.125823746364331,0.240678263299633,0.688213957742555,0.118937567399116,2,1,1,38.2897596281923
"356",0.499437971515581,0.232353796260431,0.824867554651573,0.354028168852674,2,1,1,35.6369845197039
"357",0.0891152931004763,0.432714341181563,0.532868912161794,0.893816348527325,2,1,1,64.4394416897776
"358",0.406633029399672,0.603632624298334,0.19815467359731,0.548186412630603,2,1,1,103.782427027073
"359",0.779679869062966,0.504488478522981,0.276419737032848,0.14507297148928,2,1,1,83.0012952924265
"360",0.306530484914547,0.651477649922017,0.323491625317838,0.991447507478297,2,1,1,106.952333931813
"361",0.176598293028073,0.607648908459814,0.344705144274049,0.887886755676009,2,1,1,98.0792089493618
"362",0.90190666915616,0.423324334261706,0.489878526193788,0.209603988261661,2,1,1,64.17950144475
"363",0.662727786211763,0.729465854134178,0.437244938573567,0.544895361451199,2,1,1,116.119523624816
"364",0.926003167004092,0.821607814306626,0.502872334183194,0.00336659110034816,2,1,1,130.33995778373
"365",0.62180733842426,0.368781421680469,0.56459447420435,0.977256187886232,2,1,1,55.2343088786957
"366",0.780501277665608,0.298472658043029,0.202742780348053,0.458649997152388,2,1,1,54.2938737905313
"367",0.0518956997897476,0.794856126545928,0.350079703447409,0.727067603755277,2,1,1,133.559188142305
"368",0.984753058828646,0.03726221630699,0.754333934395108,0.0604344596678857,2,1,1,19.6787980627117
"369",0.303997325805249,0.597941475642147,0.680061085015768,0.465805827094009,2,1,1,84.2901311122437
"370",0.815055616496829,0.12425651140511,0.913585620369995,0.324372302937554,2,1,1,25.1145702052787
"371",0.0557404755766038,0.630355329387821,0.589753591717454,0.492883831965737,2,1,1,92.4346453953259
"372",0.503433486594586,0.274481609021313,0.785893459030194,0.319379928718554,2,1,1,40.4034364778531
"373",0.22936629947857,0.249600698042195,0.282000663552899,0.820843314967351,2,1,1,46.2173998942575
"374",0.84114528365666,0.457336577138631,0.76291346934624,0.672729373577749,2,1,1,62.2252470941779
"375",0.416438426451059,0.91140957885189,0.830754996966571,0.380365388432983,2,1,1,131.63867291212
"376",0.194472011774778,0.834639391152887,0.467986096512759,0.175915282518836,2,1,1,134.885736392487
"377",0.789961177782388,0.965233152363216,0.181274079281138,0.899666261007078,2,1,1,184.071503914204
"378",0.0802740459516644,0.0452161740232259,0.601103236670606,0.833408306676429,2,1,1,21.4669687072341
"379",0.104122496321797,0.453085958531592,0.512808241025777,0.0349349937378429,2,1,1,67.7210719428899
"380",0.276206827992573,0.463246800759807,0.392122240423923,0.939926233559381,2,1,1,72.7572647657342
"381",0.589678420519922,0.156011761149857,0.946345584085211,0.510002090821508,2,1,1,27.4272715706031
"382",0.481790910663549,0.740812640879303,0.916970078070881,0.142971955107059,2,1,1,98.7803051820517
"383",0.271094445920317,0.0814580860058777,0.358527952570003,0.39048341995338,2,1,1,26.915700387644
"384",0.453245636156062,0.801682840688154,0.799461267626612,0.960414388732752,2,1,1,113.41865744958
"385",0.148631004076451,0.205370608869707,0.702788967728848,0.742095493755769,2,1,1,34.5637457096306
"386",0.00772587926010601,0.929706812446238,0.983326581497677,0.72111589427921,2,1,1,128.291311773176
"387",0.28429097268614,0.362161449012347,0.362347371518845,0.165146029387834,2,1,1,58.9861811757322
"388",0.0922485985199455,0.478553146797931,0.744700073207496,0.301926876144717,2,1,1,65.4038323931616
"389",0.219643285552738,0.138400737688644,0.554577432721853,0.971033559127245,2,1,1,29.9621408296363
"390",0.767043722748058,0.505054586825427,0.519805143700214,0.291783676123014,2,1,1,75.1215166050692
"391",0.236272295215167,0.829856893301476,0.76864466572064,0.81646687531611,2,1,1,119.651901198652
"392",0.557067806550767,0.642378906579688,0.00299223799142055,0.759394859749591,2,1,1,122.013086277151
"393",0.728268049287144,0.77695522124297,0.29767545707291,0.337043914949754,2,1,1,132.718390406573
"394",0.470159000690328,0.885006196897011,0.0860133338347077,0.688834935515188,2,1,1,171.934741930237
"395",0.838389022781048,0.438719931832748,0.885147263432154,0.902523415705655,2,1,1,57.3148710882833
"396",0.764752494588029,0.309283634470776,0.483822348443791,0.644221333790338,2,1,1,49.481187655262
"397",0.155329015417956,0.312027671829564,0.250679238091689,0.709561007523444,2,1,1,54.9709698714438
"398",0.811816797204083,0.995314498883672,0.0999755069345701,0.874851882494986,2,1,1,199.03639376844
"399",0.51167577189859,0.737349941795692,0.163517318457598,0.784706288116286,2,1,1,132.492987651741
"400",0.977720397301018,0.31853760724538,0.714875984275714,0.10355083923554,2,1,1,46.2857912732643
"401",0.466524956964422,0.445497519463534,0.158178647696041,0.824380179332802,3,1,1,89.1011793486148
"402",0.429426230430836,0.882494013645919,0.0567356688540895,0.628149861952988,3,1,1,199.254447975817
"403",0.771695942099905,0.428864222841803,0.32419197507319,0.0875599981856067,3,1,1,79.7727998155631
"404",0.604870105418377,0.349400564812822,0.0841076471470296,0.242063234158559,3,1,1,74.4314416092971
"405",0.369418547158129,0.0676416183484252,0.100095507039223,0.976224287949735,3,1,1,33.0529494719082
"406",0.103541094978573,0.0942397923779208,0.350482431980781,0.508637745871674,3,1,1,32.3575301904723
"407",0.0451172144431621,0.242483051351737,0.365554780777311,0.940753721240908,3,1,1,50.1826981001085
"408",0.442136180101661,0.908948113172082,0.204548650945071,0.544447203483433,3,1,1,193.063250683832
"409",0.653458821127424,0.326743899873691,0.246790570789017,0.429075201709056,3,1,1,65.4486896743267
"410",0.436201600951608,0.276375614104327,0.703524406058714,0.81900678788079,3,1,1,48.0090332584361
"411",0.231873162620468,0.59185479062493,0.0620750210201368,0.740275038612308,3,1,1,124.232578576338
"412",0.790418896042975,0.473038683721097,0.69931159520871,0.886356061819242,3,1,1,75.4822876589604
"413",0.193353089031298,0.550069505686406,0.25266206818982,0.79841655268101,3,1,1,105.245880936288
"414",0.291043252885574,0.398815056888852,0.582378307883628,0.0161783987446688,3,1,1,67.2502094884006
"415",0.549849354971666,0.142696238210192,0.392090800835285,0.702737342696637,3,1,1,37.1905855079907
"416",0.0245814206183422,0.11451896925224,0.543251331788488,0.990545275477925,3,1,1,31.9889958750915
"417",0.730259659227449,0.86946075456799,0.592105414961698,0.450249473782023,3,1,1,155.251407532946
"418",0.817435022891732,0.968312136877794,0.106063629812561,0.287184028814081,3,1,1,219.077905031578
"419",0.0944462057179771,0.184139018598944,0.665771768261911,0.103968798092101,3,1,1,37.7951400445801
"420",0.0160022860008758,0.0572180907242,0.430012348599266,0.732387027021032,3,1,1,27.5274112709366
"421",0.904401232954115,0.133439503493719,0.608763222492998,0.859820114243776,3,1,1,33.1329322449538
"422",0.629574699138757,0.47711120231892,0.969451983763138,0.421489011638332,3,1,1,69.1668210569639
"423",0.988982883300632,0.957392122205347,0.777323492302094,0.9200316324085,3,1,1,164.249267994769
"424",0.202855746309506,0.626029752729228,0.559519781236304,0.851829471450765,3,1,1,106.521182458789
"425",0.434757442614064,0.18733998198295,0.460925417743856,0.331750745231984,3,1,1,41.3299873220931
"426",0.595026407215046,0.382206285805441,0.616879045198439,0.585513109619496,3,1,1,64.0014816020825
"427",0.998351852337364,0.936595842131646,0.0346836771117523,0.211102980895666,3,1,1,216.99534270741
"428",0.402234382885508,0.153526838131947,0.54538153137546,0.946941142377909,3,1,1,36.1444223638351
"429",0.994131532928441,0.0177618412056472,0.729127545166994,0.00533836698392406,3,1,1,21.1578353140935
"430",0.224455627492862,0.974102170905098,0.528315462832106,0.448442313374253,3,1,1,184.265846262025
"431",0.455420667909784,0.557304349576589,0.169040682312334,0.138355076737935,3,1,1,110.637332967139
"432",0.562737692818046,0.156246021145489,0.191969636421418,0.0480459421023261,3,1,1,42.2808642265056
"433",0.138058590630535,0.536290289908648,0.285677456749836,0.18640684437938,3,1,1,100.911677469043
"434",0.805653409827501,0.794694853939582,0.319069415840786,0.775487062114989,3,1,1,155.217996321969
"435",0.91089422493591,0.321357459566789,0.772261673622997,0.794648360348074,3,1,1,52.3943833752794
"436",0.419798293376807,0.483025314726401,0.612727921706391,0.318373238852946,3,1,1,79.523329180469
"437",0.088649302466074,0.544960521215107,0.759526111007435,0.376552065621363,3,1,1,85.0743095349494
"438",0.410205325152492,0.945727006914094,0.482810481758788,0.0964290396345314,3,1,1,180.233723988299
"439",0.531747716055252,0.577601218763739,0.215265566325979,0.32768720521708,3,1,1,112.583192738841
"440",0.33182627172675,0.0986973113694694,0.791060464996845,0.813884807906579,3,1,1,27.6684652061937
"441",0.890172681158874,0.122624274997506,0.187822516392916,0.345955460621044,3,1,1,38.1512746377928
"442",0.309865763064008,0.588610030829441,0.118045087850187,0.149313277533511,3,1,1,120.071755517014
"443",0.932599019748159,0.260520601376193,0.243203609166667,0.953987077403581,3,1,1,55.5153507669246
"444",0.725699790283106,0.212465711727273,0.94060195590253,0.802770335722016,3,1,1,37.1810552958937
"445",0.329784421183867,0.0616871700424235,0.686824849646073,0.12744592415751,3,1,1,25.290168130125
"446",0.00223818798083812,0.74231450228719,0.171118474359391,0.765275896014646,3,1,1,152.654176088413
"447",0.566658253727946,0.394967778535793,0.830426774451043,0.431011121987831,3,1,1,60.8923105845756
"448",0.682236622405471,0.522033218308352,0.715784870730713,0.770244873369811,3,1,1,82.7452737238923
"449",0.218140646294923,0.801662163852015,0.069838375892723,0.372966291338671,3,1,1,175.484382199945
"450",0.0600154497520998,0.237570812213235,0.325915780023206,0.495402735620737,3,1,1,50.3470893624302
"451",0.445314037281787,0.221157831404125,0.854584816952702,0.27254043400404,3,1,1,39.2239126107378
"452",0.981153676776448,0.929587037516758,0.645181362375151,0.615797419366427,3,1,1,165.817528472249
"453",0.17666270615533,0.530100217995932,0.84126861492754,0.308673976821592,3,1,1,80.2960746175948
"454",0.94456222118577,0.195551290097646,0.268181911498541,0.58085981956101,3,1,1,45.9231672866971
"455",0.161198934018612,0.67807670284179,0.0124439721240196,0.105219032049645,3,1,1,147.816644385589
"456",0.749151848749025,0.138880773121491,0.91669116221834,0.231816929216729,3,1,1,30.1377090310723
"457",0.21069368742872,0.500652882308932,0.0702879385196138,0.679011276203673,3,1,1,103.975300660897
"458",0.074171695865225,0.760336790814763,0.986111164720496,0.351738981523085,3,1,1,114.259015945236
"459",0.379198541055666,0.271887420157436,0.312623402815079,0.407267013883684,3,1,1,55.4437333100238
"460",0.583931153526064,0.354309013363672,0.399681457574479,0.385417423092294,3,1,1,65.4298835748633
"461",0.967468142925063,0.335230461186729,0.953959195797797,0.670519021137152,3,1,1,50.8442956586346
"462",0.241489122805651,0.849242537206737,0.903594606820261,0.915426072876435,3,1,1,134.743478007028
"463",0.338953142077662,0.709124374147505,0.416945053972304,0.355929537761258,3,1,1,129.856921312849
"464",0.63762754557305,0.119816105201608,0.65805408341228,0.15422984435223,3,1,1,31.1223552401429
"465",0.929005205621943,0.8306533402286,0.766579106091522,0.0215869757253677,3,1,1,137.200160885801
"466",0.385769026882481,0.998370502743637,0.760584536172682,0.84254822148243,3,1,1,174.600277816062
"467",0.166413955581374,0.0884153045329731,0.563100997176953,0.492021331591532,3,1,1,29.0973987036098
"468",0.760956637558993,0.172855005564634,0.892682438106276,0.335844458861975,3,1,1,33.7042762539817
"469",0.278547375531634,0.0742134825454559,0.998723394573899,0.553053962078411,3,1,1,23.6893784259064
"470",0.973459471450187,0.903296234296868,0.223686346849427,0.113186775364447,3,1,1,189.539844728846
"471",0.795896665169857,0.257318927689921,0.861974872475257,0.555622386554023,3,1,1,43.149902861567
"472",0.702215597826289,0.60988170927274,0.387062398897251,0.936560935444431,3,1,1,110.963953461075
"473",0.0587156254076399,0.459718243520474,0.0931600390607491,0.695452837046469,3,1,1,94.6233201963333
"474",0.835445813030237,0.874126282955985,0.885981866758084,0.568526416289387,3,1,1,140.500056372736
"475",0.253413701995742,0.689706381055294,0.571894711359637,0.751149883100297,3,1,1,118.28581290939
"476",0.785470746087376,0.104943242054433,0.27770346647827,0.0329384851106443,3,1,1,34.5870573208048
"477",0.915399912885623,0.510840063334908,0.692183255548589,0.207442598656053,3,1,1,81.5819545533871
"478",0.0833420262590516,0.747657796100248,0.303417189327301,0.573752551249927,3,1,1,145.095861723098
"479",0.371363434586674,0.23470242643496,0.603472238389077,0.99623197959736,3,1,1,44.6538538964943
"480",0.707863114689244,0.422830046019517,0.872625650336267,0.87301640038495,3,1,1,63.8150170526344
"481",0.187896009498509,0.662871995703317,0.053402564075077,0.0942384165665135,3,1,1,141.182264787282
"482",0.881353852385655,0.667855156987207,0.339138141646981,0.483198951515369,3,1,1,125.230499996826
"483",0.00706022843485698,0.496459063993534,0.333966983384453,0.201140399883734,3,1,1,91.4080596419229
"484",0.183416741576511,0.634193661734462,0.806190002495423,0.834934326810762,3,1,1,98.5899590139111
"485",0.643916634629713,0.613940579326591,0.977875757128932,0.758342534423573,3,1,1,89.6296434398401
"486",0.0351108580944128,0.487631299180211,0.98053985236329,0.469534621031489,3,1,1,70.403374962193
"487",0.462457182169892,0.0832940953131765,0.112528359441785,0.322334149334347,3,1,1,34.6803707670331
"488",0.908118376944913,0.853054968324723,0.236725904949708,0.0624617266189307,3,1,1,175.226231415369
"489",0.497135522962781,0.878528129905462,0.813503388704266,0.266292808669386,3,1,1,144.899866055887
"490",0.574130438951543,0.217060996029759,0.263111280782614,0.681492111948319,3,1,1,48.9164754001949
"491",0.95791981544462,0.695093798447633,0.00621086607803591,0.643423194241477,3,1,1,152.836901656528
"492",0.756308257533237,0.200149306065869,0.682851753368741,0.650800713486969,3,1,1,39.3502476467831
"493",0.15554354912485,0.310619472096441,0.02701967705274,0.239652193615912,3,1,1,69.7101337211164
"494",0.355543689109618,0.494413718726719,0.211246305353707,0.118671663922723,3,1,1,96.0459743097102
"495",0.710961898219539,0.890449794479646,0.346914706137031,0.98169496339513,3,1,1,176.887793629104
"496",0.451021913854638,0.147357109045843,0.99309978526202,0.164423401708482,3,1,1,30.1510502144907
"497",0.47527865023585,0.411456987556303,0.491300163246924,0.963286028604489,3,1,1,71.7706630496173
"498",0.347941042496823,0.700605509066954,0.0448735917150043,0.397292683116393,3,1,1,151.240045364424
"499",0.854488163249334,0.620685106186429,0.531670650758315,0.59630785941612,3,1,1,106.630929268609
"500",0.26555618801387,0.787739228541032,0.0765100731607527,0.968931664879201,3,1,1,171.486511713798
"501",0.606785555720562,0.451152208492858,0.281841903297463,0.301773313987069,3,1,1,85.2246425894182
"502",0.622540371860377,0.00369602367281914,0.671427250218112,0.762141315488843,3,1,1,20.4649216701367
"503",0.777998214864638,0.0320800166716799,0.780238186214119,0.298270188237075,3,1,1,21.9372884092852
"504",0.0979279563890304,0.726516150410753,0.427125848351279,0.198623080651741,3,1,1,132.979067760184
"505",0.480440049156314,0.378328571005259,0.371985036775004,0.39270435836981,3,1,1,69.9588375536082
"506",0.812109578403179,0.841226905408548,0.587426778658992,0.0395627007971052,3,1,1,148.980948231972
"507",0.829773795027286,0.837263625373598,0.914202352324501,0.576443995065056,3,1,1,131.807839989127
"508",0.61257315459894,0.602243129883427,0.899729936765507,0.0747369465045631,3,1,1,90.0028033451409
"509",0.645742416732246,0.861212735963054,0.000873960014432669,0.590524254163029,3,1,1,198.538374144251
"510",0.0786047939746641,0.774661837687017,0.927361144266324,0.410886030142428,3,1,1,119.215164798298
"511",0.509965707330266,0.0392888129060157,0.521040285312338,0.711641706690425,3,1,1,24.8551611291807
"512",0.0505459034990054,0.545426473270636,0.357565259148832,0.0109217845275998,3,1,1,99.5174649200551
"513",0.935020382461371,0.691123054455966,0.576379187124548,0.472680245956872,3,1,1,118.298741032036
"514",0.696373993899906,0.953667014130624,0.479697735024383,0.133262350602308,3,1,1,182.469186299867
"515",0.842340217940509,0.817474626048934,0.436217894483125,0.621266889630351,3,1,1,152.958025606611
"516",0.0432661198917776,0.681436632574769,0.955918135424145,0.666833439629991,3,1,1,101.525457740004
"517",0.170270208719885,0.987832235961687,0.456351164500229,0.782349084444577,3,1,1,193.355678509647
"518",0.718574312904384,0.192083435903769,0.153970260499045,0.461850890280912,3,1,1,47.8689508181355
"519",0.689627521454822,0.507922944690799,0.960129096923629,0.0506189729098696,3,1,1,73.7653901628189
"520",0.248385474469978,0.896821015141904,0.225121547726449,0.00439410930033773,3,1,1,187.561579961668
"521",0.737378311790526,0.385258079738123,0.97164005329716,0.54778311861679,3,1,1,56.7619459997811
"522",0.691669153063558,0.566710863133194,0.402511264609639,0.500567073080456,3,1,1,101.795700536289
"523",0.151537149872165,0.570903978702845,0.744952369622188,0.868924029530026,3,1,1,89.8768370779659
"524",0.899650951172225,0.718197397193871,0.467380817985395,0.694802667783806,3,1,1,129.22276763144
"525",0.544107473586919,0.300753010726767,0.839153931515757,0.520242247985443,3,1,1,48.6196838380326
"526",0.341747471526032,0.289746395928087,0.292630961487303,0.364626547837397,3,1,1,58.5359723188385
"527",0.147945891192649,0.128240737633314,0.445427235609386,0.194930892897537,3,1,1,34.750489091337
"528",0.945868691108189,0.932189887242857,0.0498333098937292,0.929504470167449,3,1,1,214.653924375771
"529",0.360337166578975,0.710823518835241,0.309862502306933,0.846739635434933,3,1,1,136.379593282496
"530",0.590156532519031,0.977447975974064,0.629670443630312,0.686943733365042,3,1,1,178.127049794141
"531",0.238257243629778,0.014247281353455,0.451100868688663,0.896047376148635,3,1,1,23.2478628257499
"532",0.229402940750588,0.917687309042085,0.724111359014642,0.513956628919113,3,1,1,158.333718222914
"533",0.510651097658556,0.356664714402286,0.179028013633797,0.166991386675509,3,1,1,72.4067852520092
"534",0.313048239975469,0.334677690854296,0.0395663319097366,0.383659316642443,3,1,1,73.4638359286467
"535",0.676315439554164,0.515494404070778,0.857773459759774,0.180410797062796,3,1,1,77.5716475722476
"536",0.661934970638249,0.912349411015166,0.713850732623832,0.143501982898451,3,1,1,157.53601334064
"537",0.657380546584027,0.755858711383771,0.638143262952799,0.876853850489715,3,1,1,128.491108606662
"538",0.503829453956569,0.766415677370969,0.823193995108595,0.340006469406653,3,1,1,121.986236043444
"539",0.0330096432042774,0.283698565453524,0.661686105616391,0.0826559769629966,3,1,1,49.6466288095634
"540",0.27321118690772,0.407694524857216,0.195257589619141,0.477224972377298,3,1,1,80.7123641703411
"541",0.516137422873871,0.737971607770305,0.443234551150817,0.527376692666439,3,1,1,134.703130860267
"542",0.979343231486855,0.268513793576276,0.642101086325711,0.881065131075447,3,1,1,48.1369358983763
"543",0.750885666545946,0.362502814668696,0.884278227686882,0.604205018855864,3,1,1,55.5181994847378
"544",0.524868356953375,0.167623918434838,0.137585083728191,0.986649065682432,3,1,1,44.9073844123778
"545",0.557175932761747,0.305457240281394,0.750083972370485,0.63262108973111,3,1,1,50.787501384518
"546",0.824347149557434,0.779691338781267,0.653175998872612,0.418473064997233,3,1,1,132.521594737259
"547",0.304131189143518,0.229525270200102,0.677110583244357,0.72252326592803,3,1,1,42.8110143017769
"548",0.38369033587398,0.290044117016951,0.164735891267192,0.0793918516486883,3,1,1,62.0028917204452
"549",0.769044795136433,0.645406220487785,0.738450442578178,0.860185108355945,3,1,1,103.028170093212
"550",0.144140931211878,0.782507245209999,0.363182346682297,0.48922132336651,3,1,1,149.388466461055
"551",0.134191173720174,0.824752284989227,0.749390552502591,0.294305048866663,3,1,1,136.98212254153
"552",0.855075371148996,0.599248526735464,0.271715260720812,0.402749060477363,3,1,1,114.256799462878
"553",0.390543137356872,0.650086502679624,0.0169418702519033,0.657077345038997,3,1,1,140.837712675057
"554",0.315054579259595,0.859148209923878,0.512334125624038,0.902771260619629,3,1,1,157.930902752017
"555",0.538650194575312,0.981115998594323,0.846347514111549,0.0289923123596236,3,1,1,165.048895569444
"556",0.492312617657008,0.160922926709754,0.130957977940561,0.0580808020429686,3,1,1,44.1106339303048
"557",0.35294671765645,0.254048526294064,0.258143916263944,0.369823318457929,3,1,1,54.1867480212743
"558",0.668011457981775,0.0787843480566516,0.935393745641923,0.836788593453821,3,1,1,24.5893616425703
"559",0.740415248065256,0.6421281697019,0.143469277654076,0.177098749193829,3,1,1,130.564544101795
"560",0.589420757382177,0.943339695690665,0.296463624456665,0.785461722096661,3,1,1,194.624255402171
"561",0.849636390403612,0.724917116700672,0.410530272121541,0.91016259369324,3,1,1,133.76768024511
"562",0.861247645609546,0.0293639794143382,0.908078941778513,0.122561093789991,3,1,1,20.7580412398698
"563",0.962894936599769,0.443390322098276,0.181988917286508,0.440194183265558,3,1,1,87.6914713059357
"564",0.831664212001488,0.367504064852837,0.921840158697451,0.61124231274589,3,1,1,55.4424658872918
"565",0.634602815036196,0.418764471843606,0.875985446037957,0.609463876524242,3,1,1,63.165819065456
"566",0.95485671400209,0.617471933756024,0.932865272972267,0.663683200906962,3,1,1,91.5669329878782
"567",0.473478887574747,0.207795451824786,0.233912383439019,0.93476629717974,3,1,1,48.2925161192903
"568",0.120615021588746,0.730623540454544,0.471454427253921,0.250537271995563,3,1,1,131.500876516836
"569",0.722572820276255,0.812994483591756,0.380107418770203,0.229527342396323,3,1,1,155.301762899023
"570",0.257643684210489,0.75071895991452,0.209276268151589,0.171726367900847,3,1,1,151.793057258745
"571",0.114070562820416,0.825937811046606,0.869639827525243,0.283461885699071,3,1,1,131.497649776571
"572",0.19610356280813,0.247762080237735,0.149519061552128,0.0435974306683056,3,1,1,55.9467723239204
"573",0.487072189872852,0.343116772975773,0.0871748644008767,0.972974125066539,3,1,1,73.298539894063
"574",0.119817178371595,0.109223126397701,0.0234817319444846,0.0683790131798014,3,1,1,39.4783242122997
"575",0.396723552101757,0.560013178832596,0.507122733296128,0.15754128714907,3,1,1,96.2696811935483
"576",0.0295464627351612,0.46515872346703,0.949821861424716,0.748784892510157,3,1,1,67.9623628515256
"577",0.406442222025944,0.887146456982009,0.375280555509962,0.907937176907435,3,1,1,173.932675583826
"578",0.20533848078805,0.178498236231972,0.123231628099456,0.264897753973491,3,1,1,46.6658464458863
"579",0.320366306855576,0.432217878972879,0.631046382634668,0.257970730883535,3,1,1,71.0300678118375
"580",0.283754678701516,0.639993721263017,0.56608509827056,0.829382505317917,3,1,1,108.890746610868
"581",0.0144909506500699,0.0094132617698051,0.598847589287907,0.807305226731114,3,1,1,21.5163674944374
"582",0.264546597419539,0.0447346030303743,0.709506018004613,0.31234513260657,3,1,1,23.5921571697925
"583",0.874286485690391,0.924446017632727,0.817193819747772,0.705308527646121,3,1,1,154.654984885077
"584",0.551676203190582,0.439706065746723,0.420043673824985,0.716116754943505,3,1,1,78.5021452775014
"585",0.782084920892958,0.0489710090553854,0.0965974468388595,0.648853711175034,3,1,1,30.9630244014992
"586",0.671565587474033,0.672584573633503,0.732935983382631,0.562118661402492,3,1,1,108.1297823807
"587",0.801133542713942,0.40435061194934,0.829081606555264,0.638910108549753,3,1,1,62.2174601776894
"588",0.877990510801319,0.0238321247824933,0.536830573172774,0.738019878618652,3,1,1,23.3061204380346
"589",0.922120829699561,0.528148725419305,0.126000192619395,0.279712108033709,3,1,1,106.796137190552
"590",0.866932840780355,0.296260297757108,0.624157166728983,0.956395427598618,3,1,1,52.0263866496579
"591",0.887337729939027,0.582554658830632,0.341143487440422,0.4560200657323,3,1,1,107.561921548081
"592",0.0697926889476366,0.37359353798558,0.487337301203515,0.221778583558043,3,1,1,65.9878372281612
"593",0.109581035644514,0.962576631880365,0.800250714105787,0.534989758317824,3,1,1,163.923366307813
"594",0.299506179480813,0.807651084838435,0.79963531626272,0.216189667916624,3,1,1,131.065771310365
"595",0.579299390494125,0.659024767989758,0.499905923049664,0.53918606213876,3,1,1,115.459830715539
"596",0.28755716120475,0.0544855904928409,0.405757878400618,0.890487781261327,3,1,1,27.5346213285941
"597",0.525312101781601,0.317742944032652,0.551747963497182,0.248495742835803,3,1,1,56.3826424647617
"598",0.126574574438855,0.99381834142725,0.515973918160889,0.728504844825948,3,1,1,190.285230632076
"599",0.617846053957473,0.462912910266314,0.500643658228219,0.519780173542676,3,1,1,79.7479159180761
"600",0.421220828754595,0.797265871971613,0.78844184536254,0.436871772487648,3,1,1,129.599392268122
"601",0.819123784684343,0.073395936122397,0.197872989864554,0.0263232131197583,1,2,1,23.9206374632402
"602",0.723948355633765,0.365985181732103,0.847501093107276,0.712252057766309,1,2,1,42.1035043621955
"603",0.121702814612072,0.199386938770767,0.132996929488145,0.699337799230125,1,2,1,36.6725790861469
"604",0.79064673246583,0.421205263021402,0.461881624613889,0.941925051213475,1,2,1,55.0811990940294
"605",0.0680562059080694,0.338074689332861,0.201113307373598,0.30302748191054,1,2,1,50.9329324340637
"606",0.764240684541874,0.130026835413883,0.995118010271108,0.864062325966079,1,2,1,21.2187752360772
"607",0.999788184456993,0.714716369700618,0.992939720778959,0.653700415309286,1,2,1,78.6162959159639
"608",0.0123376672843006,0.909755582086509,0.695798263452016,0.155385790498694,1,2,1,116.912958826133
"609",0.28150441031903,0.513341063996777,0.908578362687258,0.995263419322437,1,2,1,56.4156844648176
"610",0.589281279764837,0.830081544988789,0.322550138684455,0.604296371196397,1,2,1,121.087999336063
"611",0.237001723268768,0.171490679759299,0.686300443997607,0.237520139871631,1,2,1,26.8444527272907
"612",0.153080597687513,0.768074884978123,0.159731352563249,0.273641611969797,1,2,1,118.155068866661
"613",0.0866431029397063,0.5329210893251,0.105416040340206,0.799884872115217,1,2,1,80.8234763374181
"614",0.870332943523536,0.36170699255541,0.391735924312379,0.231262637663167,1,2,1,49.5500902564852
"615",0.689259604290128,0.870309968231013,0.100121864089742,0.0669469075417146,1,2,1,141.330999032705
"616",0.908423088797135,0.958289464403642,0.571527742850594,0.958886177965905,1,2,1,131.57564231199
"617",0.958295087855076,0.571085230372846,0.0644820274331141,0.661557166299317,1,2,1,88.5488982870349
"618",0.446114937884267,0.478188719972968,0.221147538864752,0.918733743374469,1,2,1,68.7781565069131
"619",0.829807168632979,0.494073393252911,0.613728613184066,0.0929427854088135,1,2,1,60.2500451331914
"620",0.301367014746647,0.304260799509939,0.421953607858159,0.678186455243267,1,2,1,42.6914076706942
"621",0.950748210261809,0.9511366496759,0.178000522877555,0.717381782713346,1,2,1,153.456151475258
"622",0.624232120083179,0.012357844413491,0.328780271396972,0.982294429008616,1,2,1,18.052776321975
"623",0.804193430314772,0.152584413349396,0.0497752026433591,0.768854232389713,1,2,1,33.2353327067704
"624",0.578635941547109,0.692101289612474,0.475123675982468,0.810248851287179,1,2,1,91.5193135991795
"625",0.730400542395655,0.480040035927668,0.569932860552799,0.242592445819173,1,2,1,59.5998193422664
"626",0.747276579580503,0.774832862414187,0.575014547760366,0.104299586628331,1,2,1,100.2022125302
"627",0.134041335274233,0.0315488656819798,0.311701660491526,0.140899627027102,1,2,1,19.5571824366519
"628",0.878331982477102,0.824435126576573,0.124979416227434,0.69030272532138,1,2,1,131.186478298367
"629",0.856542270673672,0.652076651316602,0.901050040004775,0.539147645153571,1,2,1,72.9597200120066
"630",0.508117462232476,0.810462730262661,0.622601784372237,0.306375375824282,1,2,1,104.066265817176
"631",0.181800938429078,0.745770374999847,0.859827815161552,0.362110111305956,1,2,1,86.3935514867629
"632",0.702594392441679,0.0455139427701943,0.863700690446422,0.589190840007504,1,2,1,16.6399183886924
"633",0.612344276342774,0.125181157201296,0.597643836911302,0.227994723509764,1,2,1,24.0692216130576
"634",0.403569961061003,0.885449920849642,0.398671179830562,0.0953420510096475,1,2,1,126.713975344662
"635",0.504977320876205,0.31228604457574,0.0515370771707967,0.337784058048856,1,2,1,51.3380170172471
"636",0.179541702818824,0.597474204528844,0.210185143157141,0.401135313791456,1,2,1,86.7633595707369
"637",0.429884075586451,0.257528840468731,0.603336446933681,0.269393975532148,1,2,1,35.2290944498716
"638",0.242957893408602,0.776002759601688,0.171413506600074,0.828604408852989,1,2,1,119.32159357925
"639",0.56985716695548,0.750716903896537,0.0742042136727832,0.383400495549431,1,2,1,119.751311571601
"640",0.267767625189153,0.720753153805854,0.645974074910628,0.802327769112308,1,2,1,89.7833950026994
"641",0.756016869080486,0.0880177787342109,0.468046539220959,0.112624906708952,1,2,1,22.4098858102176
"642",0.192631571271922,0.389691774954554,0.293708769439254,0.735587841449305,1,2,1,55.123397837482
"643",0.424019154396374,0.177461272880901,0.097025875209365,0.573583311218536,1,2,1,34.9972880299701
"644",0.886394514294807,0.55880016457173,0.317989530133782,0.190688947198214,1,2,1,76.986994581643
"645",0.289092243220657,0.265744464788586,0.354530820753425,0.493879753238289,1,2,1,39.8039375222278
"646",0.0591853153367993,0.427421945697861,0.504339294728125,0.968672616145341,1,2,1,54.883576166643
"647",0.637975351004861,0.117604905529879,0.740874658501707,0.165762931434438,1,2,1,22.2635070605288
"648",0.369001407951582,0.200315148790833,0.0315336971939541,0.0580536307953298,1,2,1,38.5477392145528
"649",0.378070461039897,0.981653395700268,0.53241957183578,0.407868955710437,1,2,1,137.494442207464
"650",0.211829313113121,0.809027552617481,0.418707716616336,0.0335445625777356,1,2,1,112.27429947891
"651",0.374233494451037,0.943547517807456,0.838407829586649,0.397244160559494,1,2,1,116.625768618555
"652",0.924327186844312,0.413027970113326,0.384438476160867,0.312598835777026,1,2,1,55.7829325526182
"653",0.406376132203732,0.758303501076298,0.411404930016724,0.66500805539079,1,2,1,104.522439410205
"654",0.77826375731267,0.884418853912503,0.952141517280834,0.413243368489202,1,2,1,103.250141357361
"655",0.634950587381609,0.972940889067249,0.388473890096648,0.79066066383617,1,2,1,144.30989636266
"656",0.189674053600756,0.271831896442454,0.981848638881929,0.200866475707153,1,2,1,31.9347024337955
"657",0.5359163245128,0.454295314400224,0.709995353518752,0.213151814072626,1,2,1,53.6120793061132
"658",0.582976189329056,0.612819773369702,0.736531308855629,0.217054334402783,1,2,1,72.0800747981778
"659",0.597564875683747,0.998643610705622,0.335821410209173,0.0357823644380551,1,2,1,151.782751097501
"660",0.00498644707375206,0.934207251507323,0.540009945684578,0.9481387947232,1,2,1,128.858564953225
"661",0.246006229973864,0.358751888681436,0.556958101006458,0.0464467080112081,1,2,1,46.0167638738107
"662",0.604957987735979,0.923977057058364,0.941125933944713,0.687884544238914,1,2,1,109.728356192674
"663",0.350367405692814,0.148571809446439,0.83273006101721,0.624540532752871,1,2,1,23.7666446440264
"664",0.0331007265055086,0.407408701189561,0.129959840705851,0.657330036849016,1,2,1,61.710803718121
"665",0.262975307422457,0.165620559897507,0.923579091558931,0.807373906986322,1,2,1,24.257834652397
"666",0.881873667180771,0.687822278421372,0.878773305477807,0.0517414819810074,1,2,1,77.9536313788642
"667",0.116952168146381,0.708876952663995,0.789926820631372,0.563184078065678,1,2,1,83.4746237130953
"668",0.787340722853551,0.985204203270841,0.013571133549558,0.106087887807516,1,2,1,172.721174106798
"669",0.910674023594474,0.0663809151458554,0.711773015449289,0.753440464594169,1,2,1,18.9412846420423
"670",0.553845725361025,0.437642909232527,0.665030066876207,0.972934368858114,1,2,1,52.7247851870102
"671",0.253825815176824,0.380072836397449,0.346078178138705,0.255594139483292,1,2,1,52.6800519924249
"672",0.830896139118122,0.221500301419292,0.454587002811022,0.89367009830079,1,2,1,33.9292596534962
"673",0.523539385552285,0.859247441658517,0.0383954363083467,0.879307629842078,1,2,1,144.04767400905
"674",0.718447544442024,0.0439773468778003,0.790883905692026,0.847222450941335,1,2,1,16.9803445024169
"675",0.533829947315389,0.307292894882848,0.972410198940197,0.00741531256819144,1,2,1,35.0189650346477
"676",0.0267642780381721,0.472320993978064,0.960748180239461,0.415780483599519,1,2,1,50.985775467933
"677",0.148500738622388,0.895559281528695,0.168687408927362,0.36539746522787,1,2,1,142.3319944656
"678",0.932674450187478,0.640646567884833,0.280750636091689,0.727605629588943,1,2,1,90.9090639842008
"679",0.851188892291393,0.617582616052823,0.538853595784167,0.644950643766206,1,2,1,78.4440639879164
"680",0.961014766201843,0.403659586881986,0.751725724495482,0.868881486507598,1,2,1,47.437154533806
"681",0.135727950093569,0.738641459316714,0.185632899538614,0.634320607756963,1,2,1,111.673048642723
"682",0.608807268380188,0.853825511472532,0.80722125840839,0.55439857162768,1,2,1,103.896378287648
"683",0.69679116453859,0.829186257377733,0.00188667256967165,0.599546220538905,1,2,1,140.102372227507
"684",0.47699400726473,0.861602012872463,0.70487642506836,0.00246039570076391,1,2,1,108.635813331418
"685",0.556675926317694,0.106902780381497,0.375574409090914,0.121716919194441,1,2,1,24.7961870291334
"686",0.0775294503942132,0.837622778926743,0.882315464647254,0.13756423830986,1,2,1,98.5973113993638
"687",0.868403977977578,0.925239329870092,0.818193190277088,0.932760073371464,1,2,1,114.780984699003
"688",0.919061010854784,0.627313162648352,0.491953373922734,0.342555274146143,1,2,1,81.2118835409122
"689",0.322641399953282,0.0542807616642676,0.459068580324529,0.130917081771186,1,2,1,19.9902296401002
"690",0.641623374413466,0.243598260350991,0.0419824543897994,0.953637658770895,1,2,1,43.2993629657204
"691",0.927816484037321,0.52011641946272,0.115399062623037,0.435706995734945,1,2,1,78.3829621034936
"692",0.41587446480291,0.188337720717536,0.657912098328816,0.127117986397352,1,2,1,28.4990592685149
"693",0.68056300819735,0.0836010535724927,0.273224391494878,0.900366841428913,1,2,1,23.9847634009487
"694",0.104944649987156,0.636459515613969,0.865622055154527,0.329329644136596,1,2,1,71.8255170079134
"695",0.691771406476619,0.290540012337733,0.145962760871043,0.010279045618372,1,2,1,46.4548849693468
"696",0.653714866050286,0.937654785787454,0.0879934945702553,0.0605000083369669,1,2,1,156.228606651921
"697",0.312022745395079,0.248380836050492,0.209597375368467,0.577268813175615,1,2,1,40.5166163877098
"698",0.840270007534418,0.507034443875309,0.525846307880711,0.628136472310871,1,2,1,64.0799330061854
"699",0.549345889801625,0.990176196108805,0.00586343432893045,0.85206975530833,1,2,1,175.591916386421
"700",0.526240123501048,0.0559670165460557,0.664182313519996,0.372125700141769,1,2,1,18.5717706567586
"701",0.384580763629638,0.487631788232829,0.887382577222306,0.771724866580917,1,2,1,53.9706103991903
"702",0.162950904536992,0.744099274994805,0.55023922813125,0.741133670534473,1,2,1,96.6900630195642
"703",0.00842606776161119,0.316963479141705,0.254167862671893,0.182922334970208,1,2,1,47.2578069637592
"704",0.668842976050219,0.515217179909814,0.583964080751175,0.198794211687054,1,2,1,63.5744761954084
"705",0.661285552976187,0.211547570535913,0.616667417549761,0.680802909593331,1,2,1,30.9544531594259
"706",0.470164277878357,0.536145511377836,0.368907085318351,0.153716209052363,1,2,1,72.1612621697344
"707",0.218863169273827,0.183073004072066,0.977813513020519,0.592333972087363,1,2,1,25.0749786941655
"708",0.893980989472475,0.566540761085926,0.814943895133911,0.923887868028833,1,2,1,64.5353642400424
"709",0.705594700480578,0.192282619056059,0.19188004991971,0.913573910988634,1,2,1,34.9789523385982
"710",0.0486879344563931,0.2348934907082,0.138279784903862,0.510298521538498,1,2,1,40.3679106197595
"711",0.743214538714383,0.341992171418387,0.967432819238165,0.379319511585636,1,2,1,38.1829268328472
"712",0.397628259148914,0.326749090637313,0.72047640161938,0.453952917775605,1,2,1,40.1539877648056
"713",0.728058445038041,0.761060473050457,0.235954992023762,0.705105078808265,1,2,1,113.1701976131
"714",0.332129834844964,0.551067696083337,0.247146632808726,0.163920572471106,1,2,1,78.2374448892742
"715",0.105252330870135,0.00666871509398334,0.333678744235076,0.246603465847438,1,2,1,17.6075758224321
"716",0.902083936174167,0.457700355973793,0.822148882925976,0.835070304193068,1,2,1,51.9341058182747
"717",0.519866714384407,0.592098579343874,0.0750226155272685,0.179945877160644,1,2,1,91.3685987193751
"718",0.360079476223327,0.323333693129243,0.517246827200288,0.746854721085401,1,2,1,43.0503280343448
"719",0.774194512245012,0.430445329571376,0.636651977249421,0.0168480572407134,1,2,1,52.3478847348679
"720",0.839958162670955,0.469922205877956,0.93904713526601,0.834145638429327,1,2,1,51.152052048302
"721",0.814819030613871,0.786281575368485,0.844855764000677,0.534478813466849,1,2,1,92.6133210834228
"722",0.433844290871639,0.589523542069364,0.779867249040399,0.778799918300938,1,2,1,68.1610180240182
"723",0.513982635918073,0.800248280079104,0.434787610872881,0.785280968266306,1,2,1,110.542584814781
"724",0.989004230175633,0.0627655159973074,0.184813211652217,0.541212377113989,1,2,1,23.1991345733322
"725",0.946331334734568,0.725599909705343,0.257920561329229,0.939795904065249,1,2,1,105.987774823008
"726",0.158457174544455,0.394537044607569,0.359364644970046,0.475202891548397,1,2,1,54.1473749470645
"727",0.0611891857383307,0.563388518909924,0.827169308491284,0.075584624420153,1,2,1,63.7143267028686
"728",0.270791948518017,0.732454469775548,0.673330998268211,0.81716149920132,1,2,1,90.5760567175009
"729",0.805035542744445,0.658432091523428,0.681288066131528,0.764842865540413,1,2,1,79.826882001793
"730",0.165723721660906,0.704833778566681,0.485538401725935,0.898868678096915,1,2,1,93.107291001869
"731",0.738963567982428,0.288080253194785,0.549306393899024,0.324271216008347,1,2,1,38.9284354838332
"732",0.202524127429351,0.39559398685582,0.164277935426217,0.0208884807955474,1,2,1,59.04264091416
"733",0.443452169524971,0.504554092010949,0.278722231461434,0.206832751964685,1,2,1,70.5404629392655
"734",0.984690702501684,0.545001661370043,0.564995902468218,0.555962567491224,1,2,1,67.9186401868781
"735",0.970701277032495,0.250588320324896,0.407290669638896,0.283659791259561,1,2,1,37.3969968566827
"736",0.752362066875212,0.0208470838237554,0.473646569220582,0.316244777615648,1,2,1,17.5554694627163
"737",0.484300766114611,0.792394387767417,0.770454604248516,0.299543937373674,1,2,1,95.876882162284
"738",0.571089244014583,0.877583561036736,0.729460351101588,0.925795676817652,1,2,1,110.741520955924
"739",0.196931447125971,0.849255381877301,0.988368288162164,0.456901371954009,1,2,1,96.9488530106307
"740",0.627956910867942,0.893053753899876,0.769065045929747,0.0820380076207221,1,2,1,111.131509556012
"741",0.645747056418331,0.236135986242443,0.285809991547139,0.146211258051917,1,2,1,37.8673780996036
"742",0.0445406371005811,0.602896676824894,0.0918880554102361,0.859767907490023,1,2,1,92.6887248039591
"743",0.308525043069385,0.275197735190159,0.676258512312779,0.873838189401431,1,2,1,35.9184427653537
"744",0.413418613831745,0.260292929228162,0.0659360642649699,0.584354603461688,1,2,1,44.7113006444779
"745",0.292784570564982,0.90367215744569,0.715968497134745,0.905248188087717,1,2,1,115.5071781358
"746",0.498730567907915,0.333640346222091,0.691055144129787,0.445217731777811,1,2,1,41.2682273162202
"747",0.325083172185114,0.111133545063203,0.441741821370088,0.390063620515866,1,2,1,24.4729782793751
"748",0.0385907462215982,0.632262717852136,0.759896970975678,0.518590061076684,1,2,1,74.0641941280012
"749",0.594705227760132,0.0909294978808612,0.763113769422052,0.443506108724978,1,2,1,20.2286114422054
"750",0.784789689335739,0.795026925187558,0.297514751534909,0.17261447001365,1,2,1,115.78088818808
"751",0.861077776738675,0.226916252914816,0.945911848595133,0.502479018670274,1,2,1,28.6940109614942
"752",0.0955587559076957,0.461240330530563,0.480356045211665,0.263574317940511,1,2,1,59.410834285022
"753",0.391272369410144,0.781205194554059,0.0210873978538439,0.388695930364775,1,2,1,128.874762071246
"754",0.335389031291706,0.00199475719011389,0.0193460200214759,0.348074372358387,1,2,1,19.972682842519
"755",0.232181066076737,0.976777971513802,0.428783006864833,0.635008491708431,1,2,1,142.560908220306
"756",0.112604485938791,0.844146852681879,0.918062162976712,0.673693109272281,1,2,1,98.6081807230087
"757",0.849863654422807,0.379134232198121,0.654230057087261,0.353340397108113,1,2,1,46.5030685395704
"758",0.767139772996306,0.865606584280031,0.800779168287991,0.186299085544888,1,2,1,105.725399816108
"759",0.054054603066761,0.215883084269008,0.374572104109684,0.250573389352066,1,2,1,34.4934829139391
"760",0.29572948066867,0.6647619944287,0.629706323529826,0.0448170840542298,1,2,1,82.0160439063654
"761",0.459230107478797,0.418639504631283,0.0598563343612477,0.989164877050789,1,2,1,65.4294452100438
"762",0.0735911835823208,0.525897838519886,0.89564228037023,0.0899343381694052,1,2,1,57.93558082692
"763",0.821883134946693,0.6662261441187,0.643656695379177,0.528424704788486,1,2,1,81.9845199206333
"764",0.677430340721039,0.540003168712137,0.113814117074944,0.782107154226396,1,2,1,81.6024902436823
"765",0.938118954456877,0.28333940439974,0.585657348958775,0.467502935255179,1,2,1,37.9347840752758
"766",0.343448935460765,0.0774382155470084,0.263999999065418,0.474224436698714,1,2,1,23.5679919140455
"767",0.542662927884376,0.162025837915717,0.244162993266946,0.648264932868769,1,2,1,31.241209186566
"768",0.346625565417344,0.0265699059853796,0.594295277285855,0.963806637851521,1,2,1,17.1175155781337
"769",0.257763978114817,0.718270188993774,0.218409943163861,0.880476751185488,1,2,1,106.565201781659
"770",0.659996447437443,0.682027779696509,0.957294815276982,0.887229866230627,1,2,1,75.3993042663795
"771",0.940926472607534,0.647227968501393,0.796671724343905,0.978773837668123,1,2,1,75.1194067250209
"772",0.979732898175716,0.448596821465762,0.140331835461548,0.425412978935055,1,2,1,67.0440589158756
"773",0.991797987910686,0.670307923834771,0.783777973409742,0.605165392777417,1,2,1,78.4441748822423
"774",0.220846397815039,0.299768869125983,0.932691962528043,0.567941058052238,1,2,1,34.8776110268009
"775",0.799135415465571,0.582700322617311,0.360238789173309,0.993507785010152,1,2,1,79.2597339906082
"776",0.35505099879927,0.699102831388591,0.305863296500174,0.330306172409328,1,2,1,99.1481316709948
"777",0.225306172487326,0.605483064015862,0.300619289431488,0.756031539216638,1,2,1,84.6937503191082
"778",0.48590203632717,0.969825307320571,0.226891796186101,0.0737242088431958,1,2,1,153.189525942735
"779",0.0949395289260428,0.44326149511151,0.446965123347472,0.482974030543119,1,2,1,58.0359534732653
"780",0.713191372606671,0.949366407076595,0.269536909754388,0.820872285208898,1,2,1,147.043314853906
"781",0.466382935243892,0.120881236111745,0.732290475025075,0.291427923659794,1,2,1,22.5746192659974
"782",0.385095924036577,0.135739960656501,0.524292417293182,0.618159620470833,1,2,1,25.6219863818195
"783",0.0829187744075898,0.815376554274699,0.234945099427132,0.700860447561136,1,2,1,123.103110738674
"784",0.278052326795878,0.620000933879055,0.853271394004114,0.730239358686376,1,2,1,70.158129766255
"785",0.61613814655575,0.372622100546723,0.344770188991679,0.507025584637886,1,2,1,51.8604157197316
"786",0.205113559291931,0.0358023245621007,0.499836961576948,0.547908153707394,1,2,1,18.3861780428555
"787",0.438234554375522,0.0170425661769696,0.745215228805318,0.222758903197246,1,2,1,15.5898539010595
"788",0.129878777439008,0.915410508313216,0.926078010813799,0.115588356767548,1,2,1,108.629299351566
"789",0.560295603139093,0.496254650411429,0.632397040671203,0.496375239174813,1,2,1,60.1732476393201
"790",0.170451979809441,0.576576619661646,0.513245642714901,0.488825265252963,1,2,1,73.5236837864807
"791",0.452774526430294,0.914482790055918,0.505440393676981,0.521720260472503,1,2,1,126.845926089742
"792",0.31579866593238,0.353926722573815,0.871284954898292,0.843041112856008,1,2,1,40.6113006280622
"793",0.967097154781222,0.676269381104503,0.437263527278556,0.463327408506302,1,2,1,90.3853083949374
"794",0.460517488064943,0.964964341793675,0.894141915041255,0.286713996635517,1,2,1,117.708026603274
"795",0.896288038796047,0.157676287784707,0.0266899546410423,0.72141187883215,1,2,1,34.1364889168672
"796",0.672094997984823,0.349126292894362,0.0838146100158337,0.424062370622996,1,2,1,55.2277869528079
"797",0.0192838138446677,0.100187381441938,0.608261811329285,0.358062003243249,1,2,1,22.1007089445686
"798",0.0225819185352884,0.143230234982911,0.401532980065094,0.431756089797709,1,2,1,27.5597002256862
"799",0.492903189156204,0.206073389351368,0.152135270042345,0.278682369091548,1,2,1,37.0164269613198
"800",0.14242394270259,0.0984382889792323,0.914815716728335,0.614282464527059,1,2,1,19.6701623736451
"801",0.29667852337705,0.888060529379873,0.161135196927935,0.962492720885202,2,2,1,166.197877661137
"802",0.263677730718628,0.273622438394232,0.108218749867519,0.923545353284571,2,2,1,53.2120932054149
"803",0.520849781986326,0.168561700059799,0.421434340738924,0.917868591395672,2,2,1,34.6335207837986
"804",0.54038941227016,0.862860833510058,0.740286585672293,0.19607792785624,2,2,1,126.167817468876
"805",0.753067297368543,0.376761376843788,0.599825665382668,0.787730914348504,2,2,1,55.406649002063
"806",0.237214265926741,0.353697249774123,0.425127200846327,0.503508662419626,2,2,1,56.280838181396
"807",0.567245171904797,0.950070984349586,0.980286803198978,0.26947578457999,2,2,1,131.350381103204
"808",0.860134597901488,0.0546869574766606,0.52645132230944,0.145247584752506,2,2,1,22.8468635066899
"809",0.210036338738864,0.298310143401613,0.701803188222693,0.42426591525902,2,2,1,44.2032141294301
"810",0.107655226293718,0.71750909710885,0.803633826260921,0.0206615793867968,2,2,1,98.5106583260968
"811",0.50228918646113,0.236359809593996,0.969686602919828,0.521513253698358,2,2,1,34.2442024489317
"812",0.623434139505262,0.937042169891065,0.674907356696203,0.282947612613207,2,2,1,143.610767427422
"813",0.00303807052318007,0.504175202941988,0.811125480657211,0.314211708586663,2,2,1,67.096823335405
"814",0.950200543842511,0.780225603585131,0.0518707126984373,0.988559771407163,2,2,1,149.041111692681
"815",0.599922792373691,0.145507187822368,0.168183261421509,0.876936744897393,2,2,1,36.0529043665683
"816",0.960733405468054,0.727165887372103,0.0742017453990411,0.613877210718347,2,2,1,135.367722707194
"817",0.342739107065136,0.701909058251185,0.175211505711777,0.0997203292767517,2,2,1,123.541590446718
"818",0.923756025369512,0.395574358986923,0.346922886160901,0.472320783946197,2,2,1,63.9653804620994
"819",0.517279177544406,0.743569937285501,0.552458749902435,0.0258618161419872,2,2,1,112.748758708707
"820",0.852643560054712,0.874324257792905,0.151074322694913,0.496251358701848,2,2,1,163.339587474441
"821",0.635154013165738,0.927996821190463,0.626609167270362,0.701576380656334,2,2,1,144.741360623375
"822",0.935579845375614,0.827748962063342,0.928744293435011,0.129781008659629,2,2,1,112.116588035416
"823",0.687019347402966,0.129240568573587,0.45015911414288,0.00856692917062901,2,2,1,30.2889768293825
"824",0.681742358609336,0.985788906817324,0.907612305256771,0.6995245065575,2,2,1,141.578513231735
"825",0.766479038926773,0.970169753107475,0.222686400206294,0.64267541149864,2,2,1,180.868982741424
"826",0.733955969734816,0.50832944677677,0.587482191236922,0.413025798789458,2,2,1,73.4907558752214
"827",0.0207802321843337,0.184420798585052,0.781582038322231,0.0848371012159623,2,2,1,31.5669478519978
"828",0.658823205358349,0.996457081118133,0.635853971798206,0.0332165495515801,2,2,1,157.514657535602
"829",0.458288086167304,0.12434200122254,0.891174458375899,0.132880208560964,2,2,1,25.2883546973986
"830",0.617394446624676,0.818728063029703,0.50799418295268,0.95216421779478,2,2,1,129.493775542258
"831",0.300572616015561,0.315511261796346,0.875285557965981,0.162742081296165,2,2,1,43.3231752199805
"832",0.374688017261215,0.367526064347476,0.45529797785799,0.0532256566104479,2,2,1,57.3228646595908
"833",0.81471902002464,0.580114020947367,0.391690751381684,0.722123269020813,2,2,1,91.2141105769511
"834",0.505328884556657,0.677184313943144,0.210924764270894,0.943237406248227,2,2,1,117.116049564783
"835",0.180173003751552,0.590442727414193,0.473365874803858,0.694864032776095,2,2,1,89.8972622277034
"836",0.396488467575982,0.217308317441493,0.00695138451876119,0.807860226687044,2,2,1,48.0607883164549
"837",0.678719842296559,0.892988813316915,0.375012832025532,0.259718135789735,2,2,1,151.856759561353
"838",0.0558842749544419,0.694741894161562,0.320935263753636,0.346277323371032,2,2,1,114.671504153794
"839",0.0651121627830435,0.303714007314993,0.663740554605611,0.783554019526346,2,2,1,45.4660273649469
"840",0.897292202352546,0.459213135828031,0.705819946987322,0.0700746202969458,2,2,1,63.5635255867729
"841",0.389565918063745,0.875798351286212,0.745998213380808,0.0176551131473389,2,2,1,128.099912691774
"842",0.871057780467672,0.651319856158225,0.263817052075174,0.901772550096502,2,2,1,109.438648404488
"843",0.824587323939195,0.859574257442728,0.484786994971801,0.438558166765142,2,2,1,138.559214439957
"844",0.556861974502681,0.64298104090034,0.438838755426696,0.11431648295722,2,2,1,99.8537362728042
"845",0.886870962473331,0.0176768440450542,0.186001256875461,0.300682465836871,2,2,1,23.003209136662
"846",0.310048189499648,0.291262239288772,0.414215631148545,0.926071155776735,2,2,1,48.623058970995
"847",0.894071655817097,0.135562338005984,0.0562503299687523,0.512645559334196,2,2,1,36.8354574427028
"848",0.281306655263761,0.325423024612246,0.235409174519591,0.817637954748934,2,2,1,57.1099042155205
"849",0.219234995892039,0.027230078347493,0.493924364127452,0.0484893536916934,2,2,1,20.9106094114038
"850",0.0974357294314541,0.423097669798881,0.231776646772632,0.203332055424107,2,2,1,71.3632638124746
"851",0.930173650562065,0.766879420381738,0.369415402312297,0.945205326621653,2,2,1,126.514968498199
"852",0.316996724210912,0.482778394013876,0.790725250842515,0.637913026065798,2,2,1,64.8026459633165
"853",0.435822098612552,0.494232460255735,0.619705971193034,0.630346440951107,2,2,1,70.6257668126338
"854",0.251838371421909,0.259196231216192,0.779940976761281,0.003306089224061,2,2,1,38.8311629518101
"855",0.0354155699152034,0.244965926433215,0.580425022547133,0.604731368429493,2,2,1,40.325416624575
"856",0.587974219731986,0.356766826754902,0.685568630513735,0.0408601292432286,2,2,1,51.1417201569187
"857",0.201437418418936,0.464717726176605,0.560752934716875,0.238874279194279,2,2,1,67.9591080585583
"858",0.447910292734159,0.0730277531850152,0.120894442258868,0.454829259708058,2,2,1,29.0434392470305
"859",0.763769487952814,0.200433825958753,0.463583771341946,0.845853323260089,2,2,1,37.3561357603131
"860",0.804513379047858,0.908894849098288,0.970576224826509,0.0104624946950935,2,2,1,124.219119608764
"861",0.408871071048779,0.0554611093259882,0.327791500197491,0.874551667617634,2,2,1,24.8803964713533
"862",0.478637479475001,0.547217674087733,0.869224808529252,0.375418416820467,2,2,1,71.4874186788058
"863",0.647571770092472,0.108091340709943,0.0146273976727389,0.537555285781855,2,2,1,34.4230883967025
"864",0.275795682478929,0.250590465671849,0.566101802216144,0.395687589099398,2,2,1,41.1490944732184
"865",0.858243340314366,0.475187178389169,0.514263928961009,0.995261422344483,2,2,1,70.8448276036697
"866",0.878534666774794,0.51744391495944,0.171247910474194,0.648646891335957,2,2,1,89.1438241357148
"867",0.537966986900428,0.433727831412107,0.544566330462694,0.488668125496479,2,2,1,64.1337131459667
"868",0.745689466415206,0.391983509660931,0.711698075425811,0.328922962459037,2,2,1,54.9318800107649
"869",0.120948550729081,0.282461194134084,0.373709001458483,0.852362353994977,2,2,1,48.3548895318794
"870",0.119416898463387,0.61047489796998,0.271307216387941,0.978799772132188,2,2,1,101.534778515655
"871",0.900783554801019,0.132354857721366,0.611038334226469,0.827508893402992,2,2,1,28.7408717665997
"872",0.206779938248219,0.807735317480983,0.798385113399709,0.659760537929833,2,2,1,114.11349584302
"873",0.609234103813069,0.904462546264986,0.80652997070225,0.136296704718843,2,2,1,130.722439625429
"874",0.0325806171377189,0.714532122521196,0.998810143704759,0.372413402156672,2,2,1,91.874243901648
"875",0.699000887242146,0.773336618595058,0.359504823118914,0.157174692611443,2,2,1,127.849956587252
"876",0.346296294212807,0.413318245633272,0.647228306891629,0.360646820719121,2,2,1,58.9817260655937
"877",0.38275297089247,0.674227286517853,0.142302187810419,0.247172517944127,2,2,1,119.88739314483
"878",0.427361257425509,0.801735724027967,0.739917652114527,0.534324162723497,2,2,1,115.416036710065
"879",0.177291321705561,0.371674281320302,0.227008164332947,0.291505121515365,2,2,1,63.8263260383101
"880",0.0732050196733326,0.156704837273574,0.669471568245208,0.50686811640393,2,2,1,30.3060833559538
"881",0.323260265497956,0.566016589333303,0.903371217889944,0.748640848285286,2,2,1,73.2694731242538
"882",0.552652914877981,0.628425996372243,0.858696924910182,0.670675173415802,2,2,1,83.3206642749219
"883",0.231099594586995,0.832381298986729,0.295916092148982,0.481038473853841,2,2,1,143.999179802473
"884",0.0482483867194969,0.441256488114595,0.351544159093173,0.796373905829387,2,2,1,70.5426392403063
"885",0.274261235294398,0.845757716243388,0.717126793740317,0.062862105051754,2,2,1,123.962156673117
"886",0.0449441792152356,0.54351419399376,0.465882885177853,0.0657252025906928,2,2,1,82.4118508943569
"887",0.13833311558119,0.636611579721793,0.839965234922711,0.40535311150481,2,2,1,85.0125645527634
"888",0.572763771702303,0.191370982648805,0.434492153610336,0.0927344866690692,2,2,1,36.7875039071038
"889",0.164633500439813,0.0850251344346907,0.312058150962694,0.592153028843459,2,2,1,27.7760517308261
"890",0.0549270966136828,0.836426645939937,0.733367956971051,0.305511688700644,2,2,1,121.75221798373
"891",0.967370544513688,0.499646169632906,0.279141914373031,0.368697241183836,2,2,1,81.9412441449988
"892",0.461579478720669,0.189191316872602,0.895650538535556,0.661416957379552,2,2,1,30.7760219419339
"893",0.883813298309688,0.389400456835283,0.989199954520445,0.711159560432425,2,2,1,49.5995679542069
"894",0.781288634780794,0.348206428044941,0.242798291768413,0.822347156681353,2,2,1,60.0983843212899
"895",0.867623929767869,0.622313750215108,0.609346958154347,0.88388290183153,2,2,1,90.3085648743036
"896",0.0806709920510184,0.43685624519363,0.634397656412329,0.992154542548815,2,2,1,62.4288456913593
"897",0.578557626790134,0.117478304820834,0.445226170019014,0.191879000265617,2,2,1,29.2396223837149
"898",0.165004635037621,0.511047042915598,0.921740598164033,0.718644043289823,2,2,1,65.5174565596858
"899",0.662469603486825,0.867671091257362,0.829090127265081,0.323186925713671,2,2,1,123.199708459566
"900",0.978214618188795,0.426583510941127,0.88549590195762,0.333845126437955,2,2,1,55.7041377350318
"901",0.794609180288389,0.761216417945689,0.257967274716357,0.830246831258992,2,2,1,131.491597178399
"902",0.293635822844226,0.812521197223105,0.750128645707155,0.244458727447782,2,2,1,116.719101397516
"903",0.113501305296086,0.558824810594088,0.416982075807173,0.588144950750284,2,2,1,86.7255672024468
"904",0.787277476264862,0.606947311967378,0.559820258730324,0.337464719536947,2,2,1,89.4051460771719
"905",0.991947141864803,0.232842846191488,0.624616494268412,0.651105561099248,2,2,1,38.3735628641758
"906",0.671800155777019,0.465406295973808,0.91596820528619,0.49311824870063,2,2,1,59.8452081709235
"907",0.421689250350464,0.632130583774997,0.383665598318912,0.0896503385505639,2,2,1,100.214487368755
"908",0.223630601624027,0.488809446865926,0.343839479929302,0.222307793463115,2,2,1,77.9382370404968
"909",0.844972503075842,0.9841447702609,0.658047187617049,0.794619652796537,2,2,1,154.48038285719
"910",0.143431179259205,0.0664588693715632,0.0977519756823313,0.182137985721929,2,2,1,28.6837216127212
"911",0.147776641050586,0.552350378253032,0.0451373535348102,0.393709388733841,2,2,1,101.076522123194
"912",0.434180924546672,0.0628276862460189,0.99280356504838,0.142445643948158,2,2,1,19.8621084878689
"913",0.66908457850921,0.657551525743911,0.254006700761383,0.756779858875088,2,2,1,111.050999782932
"914",0.308608736128081,0.536288249001373,0.654490081173135,0.52582327439799,2,2,1,75.6784671833132
"915",0.362253375509754,0.597428453925531,0.0405223575804848,0.607659175687004,2,2,1,110.202925764411
"916",0.59217755548656,0.405920660679694,0.218806840660982,0.912401450222824,2,2,1,69.273788881441
"917",0.287249297738308,0.451272670226172,0.486969132162631,0.570736564876279,2,2,1,68.1049279956173
"918",0.353857546437066,0.695030973179964,0.819558713309234,0.864732239511795,2,2,1,94.7323313527882
"919",0.481612295767991,0.532732128112111,0.677579469205812,0.151765191315208,2,2,1,74.4188518583479
"920",0.614580120269675,0.562698605719488,0.444405340943485,0.98122077114298,2,2,1,86.4663689418661
"921",0.369485345536377,0.260312351166504,0.000933484007837251,0.387176429331303,2,2,1,54.0968728074855
"922",0.0947736725525465,0.0999096035363618,0.0871541923086625,0.76487790780724,2,2,1,32.3512112363529
"923",0.809933842642931,0.195642655225238,0.592538106554421,0.12034119690652,2,2,1,34.9809850952586
"924",0.325747418352403,0.103204594750423,0.131991047110641,0.774981672711438,2,2,1,32.0206762051296
"925",0.64182555338135,0.707575332772685,0.727830458870158,0.230882627816172,2,2,1,99.7235702997331
"926",0.713630319858203,0.930950410211226,0.932404221780598,0.2063382246322,2,2,1,129.95372382654
"927",0.102821105993353,0.923629770078696,0.861035422415007,0.380092250166927,2,2,1,131.962879868897
"928",0.392818470628699,0.966492705437122,0.30135674417601,0.965040206632111,2,2,1,174.146695712324
"929",0.819735200556461,0.722368070947705,0.841540220957249,0.401616072669858,2,2,1,98.184120868573
"930",0.723850261037005,0.208748248327756,0.280393409883836,0.108035878122319,2,2,1,41.2582310338022
"931",0.226891805194318,0.402242468510522,0.764421796407551,0.736220416052965,2,2,1,55.1769592458569
"932",0.836998888368253,0.308252162769204,0.103562199218431,0.73036650508293,2,2,1,58.1784238525354
"933",0.247694974489277,0.822532658869168,0.136064987891586,0.341622427402763,2,2,1,152.276015012882
"934",0.988654558185954,0.212069154044148,0.834668271739502,0.350756620899774,2,2,1,33.5406130507292
"935",0.191841126488289,0.689991844774922,0.155328406570479,0.549782293051248,2,2,1,122.558123334644
"936",0.404695884110406,0.471478828571271,0.0630678545555566,0.219917321417015,2,2,1,85.4167615816316
"937",0.018371667744359,0.36025813162094,0.0821208559465595,0.177704366382677,2,2,1,66.4501050576323
"938",0.756580659591127,0.321115397397662,0.12724622986163,0.455532928529428,2,2,1,59.338419525712
"939",0.634114000288537,0.14295029964298,0.572803327472648,0.974718622420914,2,2,1,30.154769190588
"940",0.134645783690503,0.753027327391319,0.822382157027023,0.556243642623304,2,2,1,103.897158776577
"941",0.0777348199789412,0.618480994153069,0.683109287931584,0.85828349843272,2,2,1,87.2358000620424
"942",0.0896305577992462,0.0917768436088227,0.537048353798455,0.299614463965409,2,2,1,25.8951731515057
"943",0.703456419978756,0.791495454629185,0.249414386253338,0.959643916535424,2,2,1,138.417453750533
"944",0.266840457885992,0.446573695279658,0.0751227644656319,0.251610252519604,2,2,1,80.6625343940821
"945",0.453745377947343,0.248543537001824,0.183294248847524,0.468209534505149,2,2,1,48.083971531299
"946",0.547750740848714,0.277336253654212,0.84532482241164,0.803245415615384,2,2,1,39.8298419853552
"947",0.356983290982898,0.964075185966212,0.952276248653652,0.576949478548486,2,2,1,135.365053938922
"948",0.197775243954966,0.899021862881491,0.851430187593214,0.891453504342353,2,2,1,128.177357111305
"949",0.534009491057368,0.739298402855638,0.28702603170881,0.626866770898923,2,2,1,125.293891022052
"950",0.171144900192739,0.842489801194752,0.786413562303642,0.419667649952462,2,2,1,120.605477857747
"951",0.412729068711633,0.00473341927281581,0.318243161946302,0.228896138312994,2,2,1,20.621972234624
"952",0.692583856122801,0.755908295409754,0.0172889664571267,0.889836074414197,2,2,1,145.862761110566
"953",0.719220149717294,0.775800792155787,0.401660164976493,0.90719838095014,2,2,1,126.565810912345
"954",0.0133467225602362,0.732340216849698,0.50145137292915,0.620442909678677,2,2,1,113.348557990602
"955",0.60383757447009,0.225995409253519,0.204207576418994,0.272915709740482,2,2,1,44.7931153928493
"956",0.0601767911645584,0.589566386619117,0.332068796368549,0.599992836388992,2,2,1,95.1338191113714
"957",0.156926608831855,0.285481219367357,0.757071577523602,0.865167043647962,2,2,1,41.9686635480777
"958",0.65383682693704,0.154280797550455,0.959701573759085,0.542583020472666,2,2,1,27.1396216152925
"959",0.777836889255559,0.38167213045992,0.408732411427191,0.44418370284955,2,2,1,60.4139135794301
"960",0.471058857181342,0.913881727491971,0.0297253603092395,0.517869329394307,2,2,1,183.013848457957
"961",0.335445417121518,0.0119490187778138,0.0227759978664108,0.667006884104339,2,2,1,24.3188708049701
"962",0.333455157307908,0.170242626521504,0.944604645716026,0.1194530418457,2,2,1,28.6060114762401
"963",0.497080768960295,0.529689631242072,0.693370327492012,0.188565801077057,2,2,1,73.5641700337814
"964",0.511593210181454,0.342610267325072,0.644548779116012,0.0567915317846928,2,2,1,50.2396198189056
"965",0.833527113572927,0.0394960419519339,0.963347341520712,0.0362545904493891,2,2,1,18.4305502963515
"966",0.971975103123114,0.418819583833683,0.911317809328902,0.778449290596182,2,2,1,54.3424323625956
"967",0.955816739152651,0.574556316343369,0.389152675141813,0.315768310043495,2,2,1,90.2524422589671
"968",0.625586623544805,0.163174334060168,0.945375257515116,0.564160681180656,2,2,1,28.0171354679997
"969",0.493572406178573,0.577234038247261,0.0310402005282231,0.462423971170792,2,2,1,106.641369770004
"970",0.241906216890784,0.600475170664722,0.600027468183544,0.16958709992934,2,2,1,86.944320975412
"971",0.999997013164684,0.9571191086201,0.0687407733604778,0.84062457975233,2,2,1,190.987205254044
"972",0.917988189251628,0.993669022328686,0.145031323337462,0.171341168624349,2,2,1,192.571689200886
"973",0.907026638867101,0.330496410238557,0.19149615924689,0.93539788311813,2,2,1,58.9773248680028
"974",0.774492061596829,0.797191104949452,0.531419730356429,0.897188558558701,2,2,1,124.151169630776
"975",0.417061151581584,0.748587543375324,0.478725091615925,0.727719902108656,2,2,1,117.442384561096
"976",0.466823744479334,0.852119239801541,0.577320387014188,0.446176252297591,2,2,1,132.184174930873
"977",0.847000327463029,0.941576382716885,0.519840799154481,0.289765388699016,2,2,1,153.311456079753
"978",0.377888420680538,0.664712429341162,0.196192126049427,0.705004616047954,2,2,1,115.340984704255
"979",0.928399662163574,0.522000701313373,0.499942477635341,0.839669432293158,2,2,1,78.2040338403542
"980",0.726031523449346,0.0423175445036031,0.523989529474638,0.263719471589429,2,2,1,21.8657031358656
"981",0.561831647963263,0.11248352559749,0.698680179701187,0.355517987790518,2,2,1,26.0793551928582
"982",0.00951819009613246,0.0243226623244118,0.398186687583802,0.104137149689486,2,2,1,21.5068404838643
"983",0.442710648828652,0.647167722550221,0.0384136666764971,0.550867860738654,2,2,1,120.442471377815
"984",0.582598050021334,0.313517796784872,0.110220410136972,0.212838338082656,2,2,1,58.6772820061026
"985",0.128026197957806,0.88057779345545,0.884565546320518,0.433982139506843,2,2,1,123.19583877086
"986",0.255646208531689,0.265508294482715,0.97538884355803,0.478704757685773,2,2,1,36.9294397559455
"987",0.705351553084329,0.669961474485463,0.873164760631043,0.682711458122358,2,2,1,89.090482170334
"988",0.827603449675953,0.786165818886366,0.36157244679518,0.814426501615671,2,2,1,130.745706658246
"989",0.910484840410063,0.975366851101862,0.772103461979423,0.752870974978432,2,2,1,146.415877447608
"990",0.798792786225677,0.91858227955061,0.765025055999868,0.566725472072139,2,2,1,135.677922539471
"991",0.744263605918968,0.178799858938437,0.117635144389933,0.583201926812762,2,2,1,40.7939451734596
"992",0.980309711336158,0.0331585201621056,0.937206700720126,0.741362263446208,2,2,1,18.1720266153643
"993",0.187340262259822,0.683521626412403,0.722915993841598,0.934254018246429,2,2,1,96.2221756108733
"994",0.94901640334283,0.949133933905978,0.291345157929463,0.428503099685768,2,2,1,170.342582083314
"995",0.489990631561959,0.337515908387722,0.268306189336581,0.76943166497862,2,2,1,57.9358221030521
"996",0.529211179316044,0.081227200316498,0.0938876464264467,0.277549749234458,2,2,1,30.255744723841
"997",0.0256646016298328,0.224446615142515,0.54603937003063,0.0758606671460439,2,2,1,38.6143886023743
"998",0.943625643880805,0.00750199894886464,0.339552894291701,0.679576417533681,2,2,1,20.667269680859
"999",0.735517256013118,0.0799175215291325,0.308795795293991,0.619680064846762,2,2,1,27.3332297324232
"1000",0.154445494918618,0.048866700414801,0.208545212335885,0.687126782692503,2,2,1,25.6000863347947
"1001",0.562660514324671,0.246510932461824,0.48056367028621,0.844904403338442,3,2,1,48.327209138746
"1002",0.606234951004153,0.460385947470786,0.460486911794869,0.637539549475769,3,2,1,80.4841804198243
"1003",0.681810040881392,0.172594296935713,0.918005817907397,0.907994253315264,3,2,1,33.3748421893712
"1004",0.17589716489194,0.713024012167007,0.879988472982077,0.20982612297521,3,2,1,109.350187673831
"1005",0.136207154183649,0.353163431251887,0.658083371374523,0.669498161094962,3,2,1,58.8629208411124
"1006",0.093896794624161,0.162676898640348,0.16695545129478,0.394172442940762,3,2,1,43.5764884339968
"1007",0.791465558425989,0.658801173035754,0.430235911365598,0.781702129067853,3,2,1,118.460598336349
"1008",0.95506302217138,0.928693075588672,0.477660900491755,0.115445010329131,3,2,1,175.411331162795
"1009",0.739773314379854,0.179094030195847,0.88053558906191,0.200031721695559,3,2,1,34.4354579802243
"1010",0.971298897467786,0.513860904140165,0.056598808246199,0.998993654715596,3,2,1,107.262389347695
"1011",0.431712413046043,0.914476809012704,0.114069382096641,0.108836807970656,3,2,1,201.117274736626
"1012",0.0167189624067396,0.518047543837456,0.699833388719708,0.295513180588605,3,2,1,82.3327554660078
"1013",0.811122272433713,0.663216049001785,0.552113992883824,0.480935692315688,3,2,1,113.579659527401
"1014",0.88838845174294,0.788177620151546,0.745299719807226,0.0108340294833761,3,2,1,129.016963711577
"1015",0.465108533742605,0.63202084983699,0.0684289491735399,0.535764642565046,3,2,1,132.609065935365
"1016",0.478053306619404,0.893930406116415,0.303486723793903,0.823988195573911,3,2,1,180.357794766478
"1017",0.0118141034280416,0.0792089211777784,0.961289457242237,0.144789119901834,3,2,1,24.3825185475936
"1018",0.882506535567809,0.277177284968784,0.616580140161095,0.601807518402347,3,2,1,49.6376608496592
"1019",0.48474267445039,0.208372951259371,0.784332842869917,0.138635714933043,3,2,1,38.7469436904164
"1020",0.189423307566904,0.356817391788354,0.188547440337716,0.216080280635506,3,2,1,71.9684570600729
"1021",0.124884877187433,0.117495820997283,0.694291128935292,0.35402363211615,3,2,1,30.4546058849968
"1022",0.198076521895127,0.748423209659522,0.774761876827106,0.103532987842336,3,2,1,120.052912486357
"1023",0.715405760844005,0.547440377740422,0.0929740461031906,0.028733360231854,3,2,1,112.034834445262
"1024",0.53414566544001,0.283744385442697,0.399548289609374,0.502852080557495,3,2,1,55.0200589331848
"1025",0.288214622234227,0.132798047538381,0.967425076933578,0.0224186715588439,3,2,1,29.0268614492438
"1026",0.403275879494613,0.0288829362182878,0.993384930902394,0.612113953279331,3,2,1,20.1256818933087
"1027",0.237846768164309,0.56347446453874,0.181147130832542,0.377883147584507,3,2,1,111.047591304029
"1028",0.512319177389145,0.229803351140581,0.894409983796068,0.228915940276347,3,2,1,39.5679580895666
"1029",0.21312098939321,0.479298733454198,0.97956675126683,0.464033400712069,3,2,1,69.1216900940376
"1030",0.911150002488866,0.697637173891999,0.0712591712072026,0.766370919271139,3,2,1,148.244786759624
"1031",0.863883030427387,0.290938098727493,0.559690315949265,0.595542112033581,3,2,1,52.5449494753726
"1032",0.427442186587723,0.703105870173313,0.830184580035275,0.892497787663015,3,2,1,109.725851301787
"1033",0.745053210043116,0.665398045952898,0.358531542910496,0.987715598234208,3,2,1,123.495552345517
"1034",0.990706579367397,0.552834425760666,0.76203845601296,0.505884344710503,3,2,1,86.1121093556524
"1035",0.58896972674178,0.584852526701288,0.172920031443937,0.220390181534458,3,2,1,115.870342163113
"1036",0.565228114756755,0.7771891489462,0.346646324211033,0.717704926145961,3,2,1,148.782261729007
"1037",0.622897134562954,0.875398881029105,0.0753140895580873,0.761560162514215,3,2,1,194.710909228478
"1038",0.117022560400655,0.336675093534868,0.207322403321741,0.92481430701213,3,2,1,68.1658372826449
"1039",0.744942279619863,0.272962809868623,0.580245445003966,0.213558892612346,3,2,1,49.7544124532231
"1040",0.0357314198825043,0.311638246426592,0.389978886301396,0.162282079973957,3,2,1,59.1777827524763
"1041",0.846706900524441,0.410429456606507,0.240919244001852,0.528867770793149,3,2,1,79.3977762145499
"1042",0.457020045954268,0.0117800089425873,0.577548187469365,0.771716029036325,3,2,1,21.8853295428808
"1043",0.549187252927804,0.041897149910219,0.405896636418765,0.465285917362198,3,2,1,26.2752057403575
"1044",0.364782930111978,0.863463321926538,0.140140655254945,0.451239723000908,3,2,1,185.319423661872
"1045",0.328902474917704,0.295778192867292,0.198047800759086,0.0598058885429055,3,2,1,61.8201418366291
"1046",0.506010445562424,0.707990292793838,0.324006647644564,0.26378854998271,3,2,1,134.206572254262
"1047",0.047370764844818,0.406920870916219,0.869740964170778,0.656051442617318,3,2,1,61.5993755320423
"1048",0.345492246249923,0.366194056720706,0.135062292283401,0.33517504562391,3,2,1,75.4078782474036
"1049",0.638438293974614,0.768045037725242,0.857554210743401,0.367256753547117,3,2,1,120.445258758987
"1050",0.821619919684017,0.239930406428175,0.279097072217846,0.884518395422492,3,2,1,51.670014123244
"1051",0.829516252176836,0.974836040037917,0.983264246095205,0.75875127775711,3,2,1,156.040624677336
"1052",0.274974761528429,0.469720266902586,0.956953272055835,0.0321364259684924,3,2,1,68.2022587732418
"1053",0.00801060834433883,0.859754024576396,0.78729643600178,0.948152069043135,3,2,1,142.138167944779
"1054",0.167038155220216,0.833632818254409,0.755085156974383,0.568750014876714,3,2,1,138.169945595634
"1055",0.0047385843237862,0.995981609884184,0.0425741633668076,0.724191745183198,3,2,1,233.567193397601
"1056",0.668504176607821,0.687170396535657,0.622784281125059,0.957806783319684,3,2,1,115.275465058122
"1057",0.313345130482921,0.794396581164328,0.536349180100951,0.0907036810799036,3,2,1,140.962165788438
"1058",0.648060321771773,0.852747028419981,0.989832252833294,0.486011122489581,3,2,1,131.003810977658
"1059",0.931490341387689,0.0565197131421883,0.637916423312854,0.620165421408601,3,2,1,25.2798267804661
"1060",0.961929404945113,0.488617695677094,0.94224229869782,0.617706447107485,3,2,1,71.3532919682838
"1061",0.908348934025271,0.606719213286415,0.88836862803204,0.682389565125341,3,2,1,91.0110339319812
"1062",0.616874213828705,0.257148800709983,0.600671600903152,0.896083224732429,3,2,1,47.4232336685707
"1063",0.83044197911513,0.949728763892781,0.930507169801276,0.492584992101183,3,2,1,153.327251502201
"1064",0.808385186198866,0.156720780329779,0.946739053855417,0.544519654061878,3,2,1,31.5007460801252
"1065",0.695762277285103,0.842101682375651,0.768241089549847,0.126246638190933,3,2,1,138.913187134118
"1066",0.653953572858591,0.900967758786865,0.53071263947757,0.578274340309435,3,2,1,165.761599011677
"1067",0.9462040523428,0.378618198296754,0.273323459839448,0.982769360507373,3,2,1,72.9805018910214
"1068",0.41070465791272,0.491805069230031,0.267317496350734,0.690463310455671,3,2,1,93.1013056630418
"1069",0.629809739415068,0.723598258729326,0.218220109570539,0.972485456637805,3,2,1,144.613157321837
"1070",0.378296352318721,0.140402749372879,0.0208197356620803,0.878169328889344,3,2,1,43.6666714563898
"1071",0.0784381129569374,0.125674434677931,0.492969973153668,0.355061161890626,3,2,1,33.7844890367032
"1072",0.383830279590329,0.266854786071926,0.634005900839111,0.523387801767094,3,2,1,48.0064712043308
"1073",0.899572646508459,0.528703774044989,0.540788230529288,0.237847861202899,3,2,1,89.2674141142677
"1074",0.335876917027636,0.770541486203438,0.739691816649865,0.310087502722163,3,2,1,126.042349681079
"1075",0.114079560528044,0.837924390208209,0.368107350837672,0.511113885296509,3,2,1,161.535017332651
"1076",0.241460455196211,0.00257956011220813,0.0861641378956847,0.422946895102505,3,2,1,26.0635678399062
"1077",0.999265561348293,0.307712925811065,0.0511883015779313,0.0867431685654446,3,2,1,68.2221944661722
"1078",0.446250902030151,0.0188401754945517,0.455894766820129,0.00918460355256684,3,2,1,23.5873209186781
"1079",0.10070429431973,0.577367116254754,0.0631906897353474,0.55063042806345,3,2,1,120.502600435355
"1080",0.26120188780129,0.432502460156102,0.0482160819671117,0.734765185640426,3,2,1,91.1213678248149
"1081",0.950583467243705,0.123081290303962,0.331448935812805,0.944156978621613,3,2,1,35.8442991171261
"1082",0.2269959745917,0.202786263095913,0.146316066774307,0.703316546226852,3,2,1,49.4897334447672
"1083",0.36586432924727,0.586939149252139,0.938878403820563,0.473317894021748,3,2,1,86.2507289504219
"1084",0.872432774102781,0.390122174536809,0.744694128840929,0.495350078525953,3,2,1,62.0211634981744
"1085",0.473790773468791,0.315991462091915,0.727125060885446,0.964389641806483,3,2,1,52.5189629380691
"1086",0.925551994927228,0.0999423141602892,0.496220916018356,0.407681327054743,3,2,1,31.0296555468515
"1087",0.132712950892746,0.557657466181554,0.662595982066123,0.0469942722970154,3,2,1,89.9593382734377
"1088",0.420188972948818,0.111836388236843,0.511160915396176,0.519869427389931,3,2,1,32.0823758806203
"1089",0.892840054957196,0.342426291597076,0.905432504281634,0.975614509714069,3,2,1,52.5425023508462
"1090",0.692878199592233,0.923335308567621,0.548483590659453,0.184094221654814,3,2,1,169.435239984358
"1091",0.0728832931234501,0.0699974649841897,0.822302527235588,0.845645628203638,3,2,1,24.7910414676501
"1092",0.656933114160784,0.397929532886483,0.649529762815218,0.936781031416031,3,2,1,65.419150193837
"1093",0.30160681360052,0.147626947237877,0.403388114572735,0.232917056817096,3,2,1,37.5294158850541
"1094",0.529582580112619,0.424736243428197,0.31366126715322,0.308908581456635,3,2,1,79.2864039187512
"1095",0.502888573876116,0.573720706261229,0.44304880741518,0.401916846050881,3,2,1,101.133959875283
"1096",0.844625995383831,0.0732532272068784,0.213841263627401,0.281784855372971,3,2,1,31.9363685877778
"1097",0.278920231204247,0.68158817543881,0.193510673276614,0.0818583204399329,3,2,1,135.85332906319
"1098",0.835882380743278,0.780091547941556,0.421477481069742,0.75081298756646,3,2,1,144.886550837219
"1099",0.772362405867316,0.180249808918452,0.921066928992514,0.347247176402016,3,2,1,34.0821028375546
"1100",0.817338821177837,0.906353200104786,0.51947360647493,0.859645275882212,3,2,1,167.969726273489
"1101",0.396639647444244,0.0456973124435172,0.415739731340436,0.709170729599427,3,2,1,26.5415269464836
"1102",0.0691168236522935,0.825842396386433,0.381794400133658,0.0679303452465683,3,2,1,157.271500760542
"1103",0.0819071356987115,0.673163004801609,0.595110654563177,0.697882809892762,3,2,1,113.700075582996
"1104",0.852065096866572,0.992871148153208,0.706962924069958,0.246825615797425,3,2,1,175.509304202177
"1105",0.969104798644548,0.371461521025049,0.0361327707523014,0.443714027866954,3,2,1,80.040068465789
"1106",0.203215470752912,0.54376860026503,0.153776402708609,0.802328008752083,3,2,1,108.49874125547
"1107",0.723986918380251,0.536124860550044,0.176478073854232,0.34314248175011,3,2,1,105.653660735685
"1108",0.160454650069587,0.806365082063712,0.925740889414446,0.834268915761495,3,2,1,125.040702577584
"1109",0.389149202781264,0.880877017504536,0.362534965298837,0.652136873041745,3,2,1,172.504587095644
"1110",0.777738967968617,0.962580510488478,0.454172596515855,0.952494270429015,3,2,1,186.419370715058
"1111",0.97857716847444,0.348601600007387,0.0827016628172714,0.586850268304115,3,2,1,74.2502810639397
"1112",0.486846011172747,0.736943397881696,0.826841475558467,0.584930278816028,3,2,1,115.984359485218
"1113",0.0564508503535762,0.751822137233103,0.394291149077471,0.670836798731471,3,2,1,140.120290117049
"1114",0.22441670458531,0.568169920104556,0.717973039729986,0.145790574083803,3,2,1,89.9339625802445
"1115",0.292482225993881,0.241367451767437,0.799269222096773,0.992216229637852,3,2,1,42.2550518932585
"1116",0.571582813842688,0.919107046644203,0.446190615806263,0.0414998767350335,3,2,1,175.160764404367
"1117",0.0858800200431142,0.442151276973309,0.116662751296535,0.825553143615834,3,2,1,90.0324396148982
"1118",0.31996295729652,0.47142465756624,0.293123065108666,0.362058870993787,3,2,1,88.2461531625994
"1119",0.392245091825025,0.759557200009003,0.469325392215978,0.806014062967151,3,2,1,137.630071023102
"1120",0.707759148346959,0.0204754233802669,0.339636660179822,0.676906707922462,3,2,1,24.9315695295411
"1121",0.409321806211956,0.952623060662299,0.574490129776532,0.797379609073978,3,2,1,175.275342126839
"1122",0.050546161114471,0.930044186062878,0.794699561451562,0.410050156026846,3,2,1,156.342924888414
"1123",0.664335091320099,0.454327709982172,0.0348768504557665,0.289808695151005,3,2,1,95.9014764141537
"1124",0.760742391920649,0.254823480799096,0.22161310142139,0.728746984261088,3,2,1,55.1417227454541
"1125",0.0402308570663445,0.621201798391994,0.846213091228856,0.317856107500847,3,2,1,94.6643595168843
"1126",0.190830443602754,0.199935959385475,0.776344719427871,0.433241065063048,3,2,1,37.9597900256694
"1127",0.320396555892657,0.694233053141506,0.651923171953531,0.0999845278961584,3,2,1,114.982144774552
"1128",0.062820079321973,0.800827250059228,0.678581894610543,0.928758588642813,3,2,1,135.395260289832
"1129",0.461365914252819,0.596385878166184,0.261787743332097,0.813550805561244,3,2,1,113.97261643834
"1130",0.298989058533916,0.504201360001462,0.734476534537971,0.154519855899271,3,2,1,79.0675148999729
"1131",0.344420710706618,0.498367677252972,0.754363566582324,0.911253483662149,3,2,1,77.7497128796942
"1132",0.280775049743243,0.798595061554806,0.230742360972799,0.274695468308637,3,2,1,161.313776052034
"1133",0.604366532859858,0.989588522528065,0.871840078859823,0.817172649601707,3,2,1,165.319193944719
"1134",0.305531043661758,0.955648621430155,0.41213877493632,0.534814896687167,3,2,1,187.492161011647
"1135",0.631360494256951,0.762296251500957,0.52270040986361,0.594444852605229,3,2,1,135.217825424925
"1136",0.249222314046929,0.968147440971807,0.804267258590553,0.171397093365667,3,2,1,163.878723158914
"1137",0.439824408070417,0.98154111945536,0.817349356162595,0.190942992096534,3,2,1,166.110449609028
"1138",0.876901583124418,0.218090252646944,0.89855290885549,0.395977323150728,3,2,1,38.2673192372342
"1139",0.765834674887592,0.322797562723281,0.589296762853628,0.626204991597915,3,2,1,56.205263287541
"1140",0.180848464883165,0.054919523865683,0.903319196221419,0.793517864344176,3,2,1,22.8426059124405
"1141",0.582653936423594,0.506500481227413,0.203897624388337,0.0354318124835845,3,2,1,98.3493038960979
"1142",0.551862366757123,0.187240451432299,0.843498754180037,0.607839936318342,3,2,1,35.7432534273086
"1143",0.786164963379269,0.446049154120265,0.429126817962388,0.900297021170845,3,2,1,79.1541525378618
"1144",0.919427442962769,0.61876691430225,0.35197156184935,0.866389858374605,3,2,1,114.139056143471
"1145",0.701099955766695,0.214276860834798,0.315247710028198,0.325013934163144,3,2,1,47.3675292107877
"1146",0.93647149258526,0.888932624611771,0.911639763917774,0.112712818232831,3,2,1,141.413423012734
"1147",0.795399153089384,0.743454308731016,0.0042559957515914,0.27821717187413,3,2,1,164.582549059025
"1148",0.984547057730379,0.81456896730233,0.567255068297964,0.266009391660336,3,2,1,143.795235430278
"1149",0.642763906766195,0.224706783121219,0.670713099089917,0.740022847801447,3,2,1,42.3100169446904
"1150",0.0282305676036049,0.326229882736225,0.371578604878159,0.427900151481153,3,2,1,61.834210011052
"1151",0.559739516425179,0.165148708485067,0.700842141540488,0.630522773283301,3,2,1,35.2523505015827
"1152",0.941796595440246,0.138157426744001,0.127535215463722,0.965288090376416,3,2,1,41.1942542420696
"1153",0.800182947162539,0.380435535210418,0.689599632038735,0.872712001586333,3,2,1,61.9619742254424
"1154",0.725045511447825,0.819495075203013,0.529405928241322,0.131390931840288,3,2,1,146.871315956754
"1155",0.537917290495243,0.638164452250348,0.474160094179679,0.320283389460528,3,2,1,112.098148606372
"1156",0.350063494350761,0.482329651365289,0.612452469075797,0.641523318467662,3,2,1,79.3121874229758
"1157",0.159383480543038,0.154493962340057,0.282464006580412,0.0724856963427737,3,2,1,40.3379607477877
"1158",0.859743849718943,0.364365547245834,0.239681953715626,0.240258530117571,3,2,1,71.5781416200521
"1159",0.758441774824169,0.871305908837821,0.298755690836115,0.850720939866733,3,2,1,174.970921989131
"1160",0.0209221376827918,0.00969171048956923,0.626005243062973,0.419874389739707,3,2,1,21.3020556554014
"1161",0.78050062548602,0.603756679369835,0.97040916314465,0.863252067018766,3,2,1,88.0720640901002
"1162",0.208436760021141,0.108984483842505,0.00675064556067809,0.646544074104167,3,2,1,39.7615811920553
"1163",0.266037794088479,0.458453589895507,0.155097857041983,0.917574219878297,3,2,1,91.5249357952914
"1164",0.515214614776196,0.0308789787476417,0.489905613985611,0.777960790002253,3,2,1,24.3752416610676
"1165",0.107564976194408,0.71647538339952,0.607250871323049,0.0795913114724681,3,2,1,121.27696379562
"1166",0.126556873620721,0.331778362971963,0.643589421198703,0.38338568971958,3,2,1,56.233097350413
"1167",0.922374868909828,0.593102555788355,0.502099142501829,0.739251246858621,3,2,1,102.447234412075
"1168",0.674761981734773,0.0877548073150683,0.439758698154474,0.475724759583827,3,2,1,30.4743157231157
"1169",0.09631239977316,0.534534060356673,0.305648317952873,0.293782199861016,3,2,1,99.4463811018293
"1170",0.496834589759819,0.101055274936371,0.724140488295816,0.155798599255504,3,2,1,28.5340499868297
"1171",0.754653811189346,0.640745516231982,0.711331747778459,0.1699765551358,3,2,1,102.744336413742
"1172",0.592044221847318,0.0395091449667234,0.808462164613884,0.889962665410712,3,2,1,22.3224980026865
"1173",0.141581779137487,0.28836691286182,0.852677549289074,0.562703189114109,3,2,1,46.8545044795304
"1174",0.868977250218159,0.820950672086328,0.130008930348558,0.45707794189686,3,2,1,174.87759712661
"1175",0.454360963428626,0.845625509782694,0.998530059276381,0.785814988205675,3,2,1,129.405544828491
"1176",0.257125250842655,0.650280296903802,0.665326419591438,0.934649323651101,3,2,1,106.529550582622
"1177",0.152663880239706,0.0614876798621845,0.95049423063756,0.574915223851567,3,2,1,23.0091398855232
"1178",0.415303079116857,0.301645955863642,0.122968877548119,0.545915173953399,3,2,1,65.0301344720641
"1179",0.544076236116234,0.943178992485628,0.253955934422556,0.255877556505147,3,2,1,196.720594873107
"1180",0.68760442542145,0.0909183526749257,0.342640852130717,0.71313364312402,3,2,1,32.0848627299857
"1181",0.712990862659644,0.232066191458143,0.0103726164542604,0.254446404254995,3,2,1,57.2550310900315
"1182",0.595936889506411,0.975786542212591,0.326298123372253,0.333149598443415,3,2,1,199.414044985571
"1183",0.331141126423608,0.647217919173418,0.228219467609888,0.195102694502566,3,2,1,126.255547034651
"1184",0.232678727735765,0.869978702221997,0.107008582983399,0.436496535951737,3,2,1,189.967794170238
"1185",0.355063013794133,0.404055038038641,0.0975949492119253,0.123538066616748,3,2,1,83.4982670171032
"1186",0.147781619845191,0.727707829934079,0.680190077316947,0.187193849639734,3,2,1,120.259549550757
"1187",0.373736345911166,0.425457807580242,0.285474973786622,0.0152854703413323,3,2,1,80.2830355603971
"1188",0.613133914517239,0.936693515153602,0.162380183304194,0.688679172812263,3,2,1,203.738915021495
"1189",0.251313538339455,0.438738719009561,0.0197475614619907,0.304407107086154,3,2,1,93.5083652803396
"1190",0.215333776158514,0.627324587097391,0.56426443051314,0.0517046884179581,3,2,1,105.99559800212
"1191",0.731546821598895,0.190325100256596,0.860019204993732,0.660022864843486,3,2,1,35.8583092007806
"1192",0.52415699737845,0.678566565258661,0.102091790767154,0.179726981680142,3,2,1,141.088283603347
"1193",0.90256136840675,0.613484646456782,0.59473959566094,0.373286530119367,3,2,1,102.387748406297
"1194",0.444609152126359,0.41699418934877,0.245809636781923,0.747811619766289,3,2,1,80.408148083995
"1195",0.579092043925775,0.895939144596923,0.376635301627684,0.0641457177256234,3,2,1,174.496231350391
"1196",0.490740153250517,0.524281958352076,0.836426464379765,0.385686288225697,3,2,1,79.3694700542327
"1197",0.98505673116073,0.389119099022355,0.256213095613057,0.557489320596214,3,2,1,75.2333701288126
"1198",0.0337043339025695,0.733666522318963,0.509979696338996,0.447417068438372,3,2,1,129.763533860258
"1199",0.676299134432338,0.260350082492223,0.0259415902092587,0.000686512410175055,3,2,1,61.2199592598573
"1200",0.171889750353293,0.0837867948738858,0.810320300486637,0.836273995564552,3,2,1,26.1141194116422
"1201",0.487252927862573,0.201492193581071,0.606746623509098,0.966403182853246,1,3,1,30.2073010053112
"1202",0.481592844413826,0.576106660343939,0.318967019385891,0.52348555060802,1,3,1,79.560175470728
"1203",0.303319051706931,0.593395955485757,0.0687389933096711,0.245710960511351,1,3,1,91.8536153343956
"1204",0.849275508027058,0.234286191475112,0.0233079778437968,0.0104582702287007,1,3,1,42.51483340427
"1205",0.82219540481572,0.935553115172079,0.516767702751095,0.600831331856316,1,3,1,130.022986341396
"1206",0.34612477677525,0.227299727484351,0.5566060763516,0.822390756877139,1,3,1,33.0965313703958
"1207",0.188276625392027,0.824349212298403,0.210278164704796,0.929119014622411,1,3,1,126.215891604249
"1208",0.00712245604139753,0.354184031356126,0.423888603398809,0.660272106040502,1,3,1,48.0893354317035
"1209",0.286554145013215,0.79021799310809,0.0402115831070114,0.670661825230345,1,3,1,129.601897298587
"1210",0.206935175271938,0.549630755374674,0.627935481251916,0.641466248753713,1,3,1,66.8834752219752
"1211",0.567715110635618,0.857002966239816,0.683383824616903,0.576590595953167,1,3,1,109.12280215467
"1212",0.463664971450344,0.745763257304206,0.425075957620284,0.435474496355746,1,3,1,101.744457903511
"1213",0.799493118716637,0.736735767668579,0.362852256789338,0.504841284606373,1,3,1,102.941206062877
"1214",0.588589887107955,0.206764413358178,0.330103230110835,0.356676235378254,1,3,1,34.2645787741512
"1215",0.683788018267369,0.806992445617216,0.782098599100718,0.340667627624935,1,3,1,97.6078646378644
"1216",0.0127544291561935,0.027931848707376,0.246830001352355,0.633015568952542,1,3,1,19.8575702811091
"1217",0.351764171445975,0.602451478122966,0.917703569058795,0.829433359781979,1,3,1,66.4902441472382
"1218",0.656260844307253,0.544785892593209,0.712099609945435,0.330598376344424,1,3,1,64.1614922189243
"1219",0.81103251358727,0.726421681062784,0.774717250837712,0.766552143756999,1,3,1,86.3974136823496
"1220",0.168949261424132,0.588487736626994,0.0976807051757351,0.917811448303983,1,3,1,90.0341400245657
"1221",0.774258807424922,0.742517532261554,0.258517373504583,0.953624575927388,1,3,1,108.851912290414
"1222",0.152814170563361,0.360678091726731,0.430505421839189,0.424640424627578,1,3,1,48.6627142096498
"1223",0.364567966028117,0.437841781526804,0.529755050051026,0.118388225721428,1,3,1,55.4212732987942
"1224",0.754937313877745,0.536012763322797,0.906225446107565,0.322931086625904,1,3,1,58.9003968368486
"1225",0.387553286931943,0.498507001791149,0.277683292533038,0.844958054475719,1,3,1,69.8539581737429
"1226",0.450061912260717,0.416384245646186,0.850541197651764,0.904673462046776,1,3,1,47.0873746555794
"1227",0.122611348581268,0.267545555760153,0.448553264114307,0.731022348616971,1,3,1,38.4685424902231
"1228",0.4169689351751,0.295445563535905,0.139681649204576,0.552886574739823,1,3,1,47.2341136462292
"1229",0.992967594165821,0.639221335685579,0.56070730793057,0.265953717516968,1,3,1,80.6532822266638
"1230",0.368650235047098,0.870556082613766,0.651986005416838,0.0657397303043399,1,3,1,112.217062262172
"1231",0.262106997946976,0.336928657200187,0.392074388335459,0.74420028029941,1,3,1,46.7914728036456
"1232",0.860223091391381,0.998868950874312,0.806138047623681,0.506990089596948,1,3,1,127.094150171778
"1233",0.942667115181684,0.316992576380726,0.491547618379118,0.00206164011731744,1,3,1,42.7395151652668
"1234",0.573932041963562,0.0821254747372586,0.954127619060455,0.216068392096786,1,3,1,18.3576422411793
"1235",0.017102556026075,0.467472682273947,0.795923221724806,0.792687136592576,1,3,1,53.4769517176544
"1236",0.297501989327138,0.238172946663108,0.403478041127091,0.959753616350936,1,3,1,36.2635908227544
"1237",0.719654555147281,0.923055780252907,0.887056116913445,0.396686669893097,1,3,1,111.416620383331
"1238",0.291198562323116,0.377120580431074,0.0112142357393168,0.836784578851657,1,3,1,61.0764181444525
"1239",0.0923331130039878,0.895740109082544,0.792291817069054,0.19838381694979,1,3,1,110.675470713337
"1240",0.162033644212643,0.164994797060499,0.109503134698607,0.294918466616655,1,3,1,33.5039669083226
"1241",0.693572983669583,0.532933551816968,0.341482877557864,0.111062728189863,1,3,1,72.5063206679407
"1242",0.158154491169844,0.906293195621111,0.956312891785055,0.125429189052666,1,3,1,106.109177151262
"1243",0.412020399621688,0.22209622642491,0.812073870085878,0.961994937551208,1,3,1,29.6717822904139
"1244",0.558038875572383,0.143947397667216,0.382223292229464,0.415308548128232,1,3,1,27.8403455648224
"1245",0.212560572139919,0.569362979053985,0.175413310297299,0.721440039989539,1,3,1,83.7798121943892
"1246",0.0388693770638201,0.0667918092629407,0.666914020903641,0.981123160630232,1,3,1,19.2888345003815
"1247",0.197924200945999,0.0382800434948877,0.733790653747274,0.975689695776673,1,3,1,16.9739185253481
"1248",0.374649695884436,0.100932645309949,0.339301156094298,0.0272278552874923,1,3,1,24.6795242735452
"1249",0.273293174803257,0.706470705708489,0.942283146684058,0.752149861559738,1,3,1,78.8846114781207
"1250",0.612014114225749,0.771716733202338,0.0777968926902395,0.614002307645278,1,3,1,123.651606038941
"1251",0.0627288193732966,0.510601038485765,0.826064085316611,0.880204198920401,1,3,1,57.722235621554
"1252",0.724384983589407,0.730489085725276,0.407388560690451,0.162532400494674,1,3,1,99.8423749639292
"1253",0.929110012480523,0.886219176079612,0.294697582628578,0.545990768703632,1,3,1,132.899151029953
"1254",0.652085228726501,0.655777329412522,0.568262036456726,0.386150673477678,1,3,1,82.8029172363894
"1255",0.509897029739805,0.0850774817715865,0.966008454211988,0.430651547458256,1,3,1,18.4743570608097
"1256",0.704839247179916,0.675560674950248,0.379482421826106,0.860191081317607,1,3,1,92.550910725546
"1257",0.0592910634691361,0.134185511521064,0.545176249112701,0.0963047687057406,1,3,1,25.2655849195521
"1258",0.0258086321200244,0.369521403887775,0.368885559746996,0.870812462591566,1,3,1,50.997776682852
"1259",0.180880992028397,0.139781336724991,0.440246429719264,0.352606431607855,1,3,1,26.8276193204589
"1260",0.524079719481524,0.457476949378615,0.356824874280719,0.623253018788528,1,3,1,62.0742282364462
"1261",0.119269068270223,0.27549557441962,0.973267923635431,0.997203767881729,1,3,1,32.3629453002669
"1262",0.102074102944462,0.779820015081204,0.57167453234666,0.346668614147929,1,3,1,101.219131573219
"1263",0.224853771209018,0.85298099111882,0.89298387636547,0.775550593094667,1,3,1,100.75876362786
"1264",0.621159892679425,0.869008610979654,0.758908083044225,0.466051333986688,1,3,1,107.97311181349
"1265",0.43137010523933,0.785521686153952,0.506744863379281,0.19082103714929,1,3,1,104.629406454011
"1266",0.106405575652607,0.421778906227555,0.0494240085326601,0.136461261112709,1,3,1,66.019221572226
"1267",0.88704283627565,0.15719323394238,0.881022736616433,0.339411988500506,1,3,1,23.9827605807461
"1268",0.896117021173704,0.270716146986233,0.610291392289801,0.428385699709179,1,3,1,36.3714376869079
"1269",0.0701560913829599,0.407984476867132,0.285550185145112,0.20877542569302,1,3,1,57.5081234442304
"1270",0.637586430459051,0.694125321026659,0.0940853075205814,0.456192965720547,1,3,1,108.211665251492
"1271",0.443161631203257,0.884036382808117,0.374579566527391,0.0231682257994544,1,3,1,127.53524718565
"1272",0.468899855482159,0.395528741381131,0.00797300666454248,0.646779071121709,1,3,1,63.7301506178327
"1273",0.879238737777341,0.00560376418754458,0.624729636091506,0.942919350671582,1,3,1,15.5990271216152
"1274",0.584573075482622,0.194540496015688,0.387584506373387,0.848563572802814,1,3,1,32.3212816891591
"1275",0.306118296050699,0.613011052332586,0.584857191726333,0.71637472932227,1,3,1,76.4226593107673
"1276",0.708499649352161,0.46405405211146,0.149358969201567,0.804340638117865,1,3,1,69.0009182378928
"1277",0.728180031905649,0.990926310616778,0.674497446172172,0.0412469437939581,1,3,1,131.382173547425
"1278",0.918085115303984,0.598251788846683,0.0528010956733488,0.53050984717207,1,3,1,93.5133747057887
"1279",0.801639395570382,0.148115541165462,0.708100576109719,0.478044866783312,1,3,1,24.8169077201507
"1280",0.62898975984077,0.0469625762512442,0.0725622684380505,0.310272424259456,1,3,1,23.0925648027469
"1281",0.0776915420603473,0.448980129137635,0.994641762875253,0.369477776449639,1,3,1,48.0126285277743
"1282",0.744385633895872,0.976302399708657,0.686048552799039,0.0757577871566173,1,3,1,128.352920788139
"1283",0.971133299659705,0.551076371399686,0.457667116970988,0.932606701380573,1,3,1,71.7409876200418
"1284",0.552204929447034,0.302561823109863,0.769055236569839,0.761327324217418,1,3,1,37.1958768755842
"1285",0.0951508321135771,0.646209651533281,0.862375570575241,0.0534731213469058,1,3,1,73.0085183778101
"1286",0.85682561030495,0.572946691570105,0.160242204825627,0.728910981514491,1,3,1,84.9299977304416
"1287",0.93936631162418,0.833360774313333,0.997575714356499,0.809599508206593,1,3,1,94.4934260398024
"1288",0.423069405143615,0.47383319463348,0.418537843456725,0.770314863328822,1,3,1,62.5946654730441
"1289",0.236417254335247,0.35672270091949,0.48486974664731,0.59409855640959,1,3,1,47.1855364037278
"1290",0.401237797684735,0.282613840979757,0.631681678438326,0.243191270836396,1,3,1,37.1804415513345
"1291",0.854416556266369,0.0967233290849254,0.323967550679808,0.482128142730799,1,3,1,24.5149703836057
"1292",0.780263535090489,0.117025015612599,0.736728423380991,0.795921419456135,1,3,1,22.2691001664491
"1293",0.96601486758329,0.245828959404025,0.220081005636603,0.225936885540141,1,3,1,40.01445074084
"1294",0.47992736372049,0.179351591556333,0.439803882209817,0.381134048893582,1,3,1,30.2467280699271
"1295",0.229692102787085,0.394796480158111,0.252316267028218,0.174037342203083,1,3,1,56.6701186906812
"1296",0.793239186672727,0.16776110472274,0.945146553220693,0.699921306062024,1,3,1,24.2309337908077
"1297",0.334703616836341,0.632500225307886,0.240613567125984,0.572793757234467,1,3,1,91.1358274163337
"1298",0.663803107510321,0.891982934306143,0.0623315184540115,0.908128423750168,1,3,1,149.213611626906
"1299",0.492130837417208,0.849404167344328,0.190821496456629,0.231331948630977,1,3,1,131.618370880444
"1300",0.739254222433083,0.75162803286803,0.329665690802503,0.177014208398759,1,3,1,106.689169070833
"1301",0.698263893901603,0.0132141131348908,0.89867427508696,0.156296932194382,1,3,1,14.5459928003408
"1302",0.144977592469659,0.917422348577529,0.777719574582297,0.453568789118435,1,3,1,114.891191130398
"1303",0.0235630061547272,0.450653394450201,0.461098643187433,0.869163180469768,1,3,1,58.6458972136476
"1304",0.399459111216711,0.910902918659849,0.036089546267176,0.583203574996442,1,3,1,154.937425776975
"1305",0.320220376446377,0.508327088686638,0.140346476563718,0.555643016709946,1,3,1,75.7122468054992
"1306",0.906318147978745,0.721032585753128,0.485794975984609,0.153615562788909,1,3,1,95.2498776974554
"1307",0.265927907160949,0.623142945157597,0.0347629440657329,0.680027431276394,1,3,1,98.6892249498826
"1308",0.985248805348529,0.986160437866347,0.67933918807772,0.972481557903811,1,3,1,131.108506481118
"1309",0.867379639314022,0.966236174966907,0.265289103735704,0.537198500710074,1,3,1,150.410149372879
"1310",0.903917852111626,0.760337544640061,0.647581249497598,0.360465593924746,1,3,1,95.401717444297
"1311",0.634039122984977,0.488637598780915,0.977575264535844,0.462911484170472,1,3,1,52.4021817021
"1312",0.949993126499467,0.257186315787258,0.663357951266225,0.261374176916433,1,3,1,34.4001901367841
"1313",0.978226519207237,0.293173792598536,0.832704141562572,0.414076911783777,1,3,1,35.4992941108275
"1314",0.529829887984088,0.107797699125949,0.133569852281362,0.746604167475598,1,3,1,27.704429228313
"1315",0.534171141494298,0.703771625605877,0.924381663022796,0.617833756248001,1,3,1,78.9801482261668
"1316",0.89007365635247,0.755695345288841,0.296707096865866,0.00563725645071827,1,3,1,108.735876305529
"1317",0.179293894225266,0.520936119267717,0.869056328817969,0.0458294448710512,1,3,1,57.8768618584695
"1318",0.0309831877262332,0.689956553928787,0.0590804446744733,0.786609519628109,1,3,1,109.436604941226
"1319",0.910098904874176,0.121835186285898,0.23891275257105,0.597502189445076,1,3,1,27.6301059660625
"1320",0.134317321000854,0.370902628777549,0.760319800332654,0.0725239873270039,1,3,1,43.8448993238394
"1321",0.646487200502306,0.309593806271441,0.981044207212981,0.677710693249246,1,3,1,35.1601362820125
"1322",0.394180970950983,0.60850865679211,0.104079300632002,0.945284174351254,1,3,1,93.0824451362706
"1323",0.0661236355733126,0.00367452661739662,0.914002407544758,0.560128510494251,1,3,1,13.9421818931635
"1324",0.836173215323361,0.945341214163927,0.859497223375365,0.448129595873179,1,3,1,116.033061622518
"1325",0.470880608560983,0.38559151811176,0.639524190741358,0.819488821341656,1,3,1,47.4838227372362
"1326",0.241576700309524,0.84333644531318,0.602150894148508,0.370514628373785,1,3,1,110.143294437636
"1327",0.676893340832321,0.504877846302697,0.718361780844862,0.0921743924880866,1,3,1,59.1838482766689
"1328",0.642056005030172,0.627154258650262,0.0289827437803615,0.651696455419296,1,3,1,99.6608628995365
"1329",0.04154232016881,0.413066876198864,0.153011723060627,0.88949944549473,1,3,1,61.8302378011907
"1330",0.880119916020194,0.0432234854274429,0.0817421474377625,0.278915405313019,1,3,1,22.6773082567946
"1331",0.951507629276021,0.715432819094276,0.11818376109004,0.220543829922099,1,3,1,110.644019515553
"1332",0.216238422334427,0.958128823193256,0.398591528295074,0.212513024082873,1,3,1,140.241795495674
"1333",0.0487036979070399,0.983682763945544,0.659556587043917,0.132778547029011,1,3,1,130.972449390689
"1334",0.757356839077547,0.973895795785356,0.158869044872699,0.993467566749314,1,3,1,159.773794444312
"1335",0.279416442400543,0.515526846669382,0.284270636232104,0.526143392057857,1,3,1,71.972924018712
"1336",0.995907039247686,0.0188396108115558,0.00439410780207254,0.200936024774564,1,3,1,21.485276292382
"1337",0.609930215011118,0.251298367601121,0.593195035379613,0.892627672115341,1,3,1,34.8173112028999
"1338",0.769351227160078,0.286883472416084,0.746339340389241,0.407962055059616,1,3,1,36.0350100748219
"1339",0.337546010961523,0.0324453786411323,0.182508435503114,0.305884934565984,1,3,1,20.7849802705427
"1340",0.671680928216083,0.781314348636661,0.302565370302182,0.875345488218591,1,3,1,113.479591757635
"1341",0.437053787637269,0.66346288000932,0.261885344481561,0.472911664679414,1,3,1,95.2125236631948
"1342",0.668461365235271,0.699545183212031,0.835479392178822,0.0185408071463462,1,3,1,80.6347325912993
"1343",0.78764694905607,0.814912357776193,0.41416437233449,0.283049213134218,1,3,1,113.647285735991
"1344",0.815080718186218,0.0249050730664749,0.876004431766924,0.166686728228815,1,3,1,15.3351401504752
"1345",0.052710524945287,0.343124521112768,0.354873962920392,0.257482664289419,1,3,1,48.1765623544475
"1346",0.204918879136676,0.173504857661901,0.847904986973153,0.401507471257355,1,3,1,25.4798507029818
"1347",0.747725374617148,0.670511024814332,0.0180235033167992,0.703195987228537,1,3,1,108.018269925705
"1348",0.497554767560214,0.875378610063344,0.576239476136398,0.188227937344927,1,3,1,116.407469225105
"1349",0.930164111460326,0.110937672419241,0.200182878839551,0.738778038679156,1,3,1,27.144871171566
"1350",0.960675394862192,0.153962776710978,0.587230183881475,0.0351458240486681,1,3,1,26.4223451854984
"1351",0.513681983377319,0.33131844090065,0.510348612454254,0.146879856130108,1,3,1,43.9384609708643
"1352",0.342833921832498,0.795573308703024,0.233785611795029,0.987129966829671,1,3,1,119.592288375917
"1353",0.457037100739544,0.189461516638985,0.306291508773575,0.102563847954152,1,3,1,32.9285676027365
"1354",0.841688868148485,0.242414209928829,0.197610143151833,0.441790217087837,1,3,1,40.0748795490525
"1355",0.603457673222292,0.900234797002049,0.821487084750552,0.658785693115788,1,3,1,110.530981019727
"1356",0.447217510016635,0.836254227695754,0.740425579113653,0.143729292129865,1,3,1,103.389685492425
"1357",0.541398208077298,0.556444335103733,0.226481244936585,0.0828818885865621,1,3,1,79.6882833287814
"1358",0.233578499127179,0.964753100047819,0.87175005104742,0.238538390094182,1,3,1,118.472179713161
"1359",0.382330592238577,0.196014647124102,0.840322825212497,0.852409063713858,1,3,1,27.2943584225151
"1360",0.564640283413464,0.819547699231189,0.451086579639232,0.274830201854929,1,3,1,112.729098102742
"1361",0.501606826883508,0.0787793731794227,0.934367609512992,0.516182265699608,1,3,1,18.2754583435727
"1362",0.145129183132667,0.210576149864355,0.27141771306633,0.28550081062247,1,3,1,35.5204983471442
"1363",0.3180932641041,0.0738695363060106,0.310743240497541,0.922728752064286,1,3,1,22.8152414772328
"1364",0.825763524114154,0.714662126186304,0.599833659980213,0.0592258448479697,1,3,1,90.1087247408247
"1365",0.425669253916712,0.314558820471866,0.802019592153374,0.514012453741161,1,3,1,37.8490671391199
"1366",0.258972194290254,0.349379951447481,0.537015826092102,0.899816494686529,1,3,1,45.4562083886708
"1367",0.125861880755983,0.802032475799788,0.692635228299769,0.639787995753577,1,3,1,100.207136372301
"1368",0.596078656602185,0.669266722727334,0.939640861190856,0.58911128802225,1,3,1,74.1496592344112
"1369",0.135883540641516,0.0635837803047616,0.125518687610747,0.061303123626858,1,3,1,23.8940697600098
"1370",0.617961499785306,0.320458348292159,0.21632055828697,0.687821527397027,1,3,1,48.5226063663441
"1371",0.730900727527915,0.404333925987594,0.496437492141267,0.489756163419224,1,3,1,52.2993156393408
"1372",0.194258832520572,0.933215694252867,0.69659053671523,0.543112691960996,1,3,1,121.002051610651
"1373",0.763797458892223,0.483017530716024,0.724462680375436,0.914303790299455,1,3,1,56.6580516957863
"1374",0.545633795614122,0.443256425552536,0.122958284487249,0.830773844470968,1,3,1,66.8905463357861
"1375",0.980676368664717,0.327065543376375,0.347274467882235,0.859279060079716,1,3,1,46.5765873801144
"1376",0.0851438320276793,0.384246966484934,0.617721291537164,0.37675175166456,1,3,1,47.6892999080484
"1377",0.539748087616172,0.126975261288462,0.725245993682183,0.813678172214422,1,3,1,23.0890269047564
"1378",0.515061489042127,0.941911768694408,0.20843719270546,0.0895872028975282,1,3,1,148.62470506891
"1379",0.00466402900172398,0.652408805921441,0.522438042283757,0.491980585039128,1,3,1,83.8464345990893
"1380",0.0823196656140499,0.767230472016381,0.70482483903761,0.759618768922519,1,3,1,94.5720719656052
"1381",0.778308359570801,0.182003899174742,0.819308511982672,0.122278020542581,1,3,1,26.3769520628706
"1382",0.409625472726766,0.827717050960055,0.17265276702703,0.606671716723358,1,3,1,128.845935735552
"1383",0.714481228576042,0.617893619877286,0.188386165227275,0.304175818434451,1,3,1,90.8071463648575
"1384",0.355237125327112,0.263708326774649,0.788550247814273,0.299527220745804,1,3,1,33.4301238317285
"1385",0.25079393526772,0.218255632253131,0.751136815509526,0.318679482608568,1,3,1,29.981757440042
"1386",0.283202098542824,0.929206042115111,0.472536244647345,0.667151112378342,1,3,1,131.214482222918
"1387",0.957969343670411,0.680685121220304,0.553487614473561,0.935208575895522,1,3,1,87.0470523998545
"1388",0.310809869556688,0.432426481865114,0.0899981541524176,0.690650215182686,1,3,1,66.3739109929867
"1389",0.591327668528538,0.477578852594597,0.904427158472827,0.0319051728874911,1,3,1,52.4462154390951
"1390",0.171352545456029,0.490795484840637,0.467322188909166,0.499877672772855,1,3,1,63.464648783326
"1391",0.327282078263816,0.564570259704487,0.530712612885982,0.181056570146466,1,3,1,71.2943720169444
"1392",0.687884933921741,0.641577232375275,0.478507053742651,0.710871771852253,1,3,1,83.801194753511
"1393",0.245688479400706,0.525543381883763,0.540046181328362,0.628984408285469,1,3,1,66.0594834669762
"1394",0.114502389589325,0.0905986568261869,0.167915713086259,0.253929861581419,1,3,1,25.731353818117
"1395",0.575547600877471,0.0553849630721379,0.928396592132049,0.390483312833821,1,3,1,16.8622618981631
"1396",0.923155681675998,0.952352580091683,0.11465063509997,0.105230377070839,1,3,1,157.361134033166
"1397",0.377199592588004,0.0507836481998675,0.963953882723581,0.706204648875864,1,3,1,16.3897625928215
"1398",0.80994922081125,0.863521024115616,0.644134468171978,0.781104467180558,1,3,1,111.884245644802
"1399",0.87232670412166,0.427969928380335,0.501110136279603,0.56687291150447,1,3,1,54.9652974402177
"1400",0.831207294302294,0.580473410488339,0.985305836631451,0.327518163521308,1,3,1,62.3500573414477
"1401",0.625573548998218,0.732377245245734,0.7436522673734,0.307834099929314,2,3,1,103.234624238959
"1402",0.668174733784981,0.00550322267110459,0.762538115831558,0.683092423819471,2,3,1,17.3678088872305
"1403",0.487245596739231,0.706029823421268,0.757937239069724,0.327189273471013,2,3,1,98.4002427308408
"1404",0.044271216916386,0.563140533793485,0.970642859895015,0.865658046044409,2,3,1,71.2336098760865
"1405",0.849790451840963,0.135070158636663,0.296794064963469,0.494875429642852,2,3,1,32.9305267923006
"1406",0.468112047247123,0.907150157953147,0.596487725012703,0.29043380613206,2,3,1,141.796890913255
"1407",0.0661870124633424,0.300473621471319,0.806828784169629,0.608553346320987,2,3,1,42.7911351934328
"1408",0.496073421689216,0.942535269989166,0.887583240795648,0.929545618551783,2,3,1,134.491318920205
"1409",0.908710011577932,0.812102239247179,0.71354679850745,0.859652136141667,2,3,1,118.476578978683
"1410",0.271977937051561,0.496068237336585,0.590725607406348,0.213215601346456,2,3,1,71.5610416876253
"1411",0.149631959744729,0.936637553508626,0.408391540122684,0.650921570810024,2,3,1,159.512789191613
"1412",0.682570694183232,0.989258140168386,0.0258089876128361,0.185375785297947,2,3,1,202.391630126676
"1413",0.249254119062098,0.325286216699751,0.142074366173474,0.945314600575948,2,3,1,59.571969539889
"1414",0.724332287946017,0.20326018110849,0.839171563996933,0.920967139998684,2,3,1,32.6840235135247
"1415",0.237730792013463,0.594160935048712,0.369981456678361,0.111534730622079,2,3,1,94.1631104049457
"1416",0.079479891245719,0.867857075148495,0.353030180033529,0.217290019373177,2,3,1,147.692655864108
"1417",0.298331973217428,0.803015220840462,0.746439981919248,0.779984227624955,2,3,1,115.430766810085
"1418",0.980010464194929,0.487908542343648,0.668019122696714,0.903695548723917,2,3,1,68.4995922870558
"1419",0.791399416483473,0.23536463392782,0.45977560640662,0.427783403000794,2,3,1,41.1995292722108
"1420",0.285502083777683,0.636152286032448,0.211431370702339,0.0253711781126913,2,3,1,108.597162392485
"1421",0.923560436700936,0.898282287789043,0.619749433281831,0.252956896903925,2,3,1,138.765574179163
"1422",0.778073771464406,0.172833257830935,0.537123899076832,0.795885568073718,2,3,1,33.4729827406925
"1423",0.20869443012285,0.886132372058928,0.436846921718679,0.762696153073339,2,3,1,146.947538488945
"1424",0.1124102168635,0.466602534321137,0.181712889240589,0.422619855364319,2,3,1,80.0350742696927
"1425",0.752321376382606,0.64004576234729,0.968600033286493,0.825082495156676,2,3,1,81.9137402168398
"1426",0.133249905739212,0.718399215034442,0.122469842308201,0.0118791597534437,2,3,1,129.850343950752
"1427",0.457023628092138,0.40519313126104,0.512732479398837,0.363828992930939,2,3,1,61.0148461061193
"1428",0.00666358361253515,0.167861968611833,0.252860852826852,0.824650075549725,2,3,1,37.134450566424
"1429",0.932847396556754,0.771007292309077,0.98953738368582,0.719505951312603,2,3,1,100.963731691916
"1430",0.0103599556384142,0.395087333490374,0.644903365356149,0.475114552421728,2,3,1,56.7130973514553
"1431",0.188320916499943,0.724403769000201,0.612967451104196,0.177415524850367,2,3,1,106.885402544432
"1432",0.955459354565246,0.999290807887446,0.637376334774308,0.00269084362196736,2,3,1,157.831170992205
"1433",0.647574875811115,0.337549129640684,0.466413991779555,0.295533729852177,2,3,1,53.2375982558656
"1434",0.0522457212070003,0.925445610042661,0.491875040679006,0.915316116244067,2,3,1,152.0244767541
"1435",0.802216397498269,0.196275613470934,0.0679813353554346,0.0622319063963369,2,3,1,43.8829988420866
"1436",0.606306208027527,0.439616661372129,0.105803244744893,0.769628441325622,2,3,1,78.4420175594151
"1437",0.176470366244903,0.0437360611290205,0.0787359965511132,0.530687294774689,2,3,1,26.6842807353312
"1438",0.166399366379483,0.559102624508087,0.66216388096218,0.0200514050328638,2,3,1,78.6084791520982
"1439",0.115864690130111,0.386520390855148,0.883300184155814,0.0521685776836239,2,3,1,50.991006533456
"1440",0.743092393849511,0.206589049811009,0.473151436502812,0.264572853739373,2,3,1,37.8297734364483
"1441",0.505665609680582,0.922020369602833,0.861243677443126,0.972768958896631,2,3,1,131.9320078903
"1442",0.368197993283393,2.89844372309744e-05,0.92355773768737,0.831875195833854,2,3,1,16.0603194225041
"1443",0.196604185388424,0.844850008267676,0.871593403515872,0.231538155407179,2,3,1,117.284376885143
"1444",0.805575865921564,0.275102556759957,0.414653520106804,0.678847919243854,2,3,1,46.6312446872688
"1445",0.618828532691114,0.617544207517058,0.134930788513739,0.563668596778298,2,3,1,109.174425492777
"1446",0.763654999916907,0.961086044389522,0.495784634349402,0.382069042953663,2,3,1,158.952285526369
"1447",0.795070051100338,0.683498050252674,0.542070584676694,0.617148043329362,2,3,1,102.897046582722
"1448",0.549552803550614,0.796857375793625,0.147063104730332,0.893820404188009,2,3,1,146.069231342982
"1449",0.0177281334495638,0.157845129008638,0.718146097945282,0.455648521776311,2,3,1,29.8625515396915
"1450",0.0335690656513907,0.910917942791712,0.855694143719738,0.906514917550376,2,3,1,130.115687977748
"1451",0.929790175203234,0.262314570609014,0.821278599863872,0.544265588565031,2,3,1,38.6165209947463
"1452",0.0618491391232237,0.74470872231992,0.556117582059233,0.227884092126042,2,3,1,112.898698591518
"1453",0.460879542491166,0.679516453401884,0.0421361831889953,0.141336927524535,2,3,1,126.66695063712
"1454",0.192726497257827,0.549485733655747,0.421872540900949,0.63570333421696,2,3,1,85.0263322911452
"1455",0.599873493517516,0.611788610994117,0.995244895638898,0.17270274707349,2,3,1,77.0681504179518
"1456",0.255116281483788,0.484419606379233,0.260442373335827,0.24735167604289,2,3,1,80.0655318659773
"1457",0.269234796615783,0.244501744550653,0.0547754839295521,0.437254876054358,2,3,1,50.5198038664047
"1458",0.415175330400234,0.433556623689365,0.386682799867122,0.722192116583465,2,3,1,68.3547355648746
"1459",0.85659870572621,0.382476415149868,0.431269560201326,0.0756514214316849,2,3,1,59.8768818509029
"1460",0.56560645143385,0.374187027332373,0.700720896241255,0.018163593764184,2,3,1,52.9167210648137
"1461",0.594750164170982,0.298174049004447,0.827793678278103,0.289546606199583,2,3,1,42.2066309135068
"1462",0.532790746778483,0.026958090395201,0.119777545962716,0.280222540331306,2,3,1,24.5739656520524
"1463",0.281613430109574,0.179549875151133,0.441237994481344,0.992095727847191,2,3,1,35.4882566393724
"1464",0.68629601540626,0.672153978082351,0.0882292698009405,0.155140311286086,2,3,1,122.387831300167
"1465",0.0494114249770064,0.669788645452354,0.00726345516741276,0.453175808792002,2,3,1,127.010830574961
"1466",0.843894591213902,0.114713752000825,0.477899805370253,0.387469148131786,2,3,1,28.6029698177233
"1467",0.988556602569297,0.105386675804621,0.315129777337424,0.66965974451974,2,3,1,29.6996499056911
"1468",0.379171573814237,0.632599951882148,0.993061981243081,0.572249641568633,2,3,1,80.1416490078064
"1469",0.355058835735545,0.817276861696737,0.898446395354113,0.2222789293807,2,3,1,111.525502043762
"1470",0.786369221052155,0.307914880155586,0.585477955529932,0.200889694439247,2,3,1,47.2655823258963
"1471",0.521798870605417,0.519339918592013,0.802071522236802,0.275010924855014,2,3,1,69.3217450847983
"1472",0.0861319995985832,0.472659029649803,0.961026725334814,0.108108267717762,2,3,1,59.7375146281894
"1473",0.87430057411897,0.428252424411476,0.00458799184532836,0.10241218457697,2,3,1,80.214010895408
"1474",0.690839519617148,0.312488654125482,0.627507231002673,0.800091927986359,2,3,1,47.0949715957742
"1475",0.869905048838118,0.768229903337779,0.978923174119554,0.956363348169252,2,3,1,100.948430808019
"1476",0.708422832814977,0.704563145147404,0.396975948422914,0.878084645950003,2,3,1,113.075074236858
"1477",0.834672329012537,0.265382476769155,0.0822493418096565,0.521598033915507,2,3,1,52.6909441188954
"1478",0.697229186635232,0.660963053881424,0.843593660702463,0.747916961896699,2,3,1,88.6301493530684
"1479",0.904069381599547,0.598509744331241,0.549755691040773,0.500154065454844,2,3,1,88.4263059302968
"1480",0.589622766476823,0.877200345206074,0.914835251541808,0.557835641752463,2,3,1,121.352953685964
"1481",0.317682063751854,0.807413766921964,0.258591502284398,0.0740318029490299,2,3,1,140.465302490025
"1482",0.30233222238603,0.0644238724838942,0.917955488356529,0.707856729417108,2,3,1,20.495611728361
"1483",0.0990036810724996,0.62651450704434,0.578238901530858,0.931330722764833,2,3,1,92.0604417869022
"1484",0.543564964343095,0.62138376620831,0.817540824305033,0.065142926016124,2,3,1,83.2553607216021
"1485",0.838353884420358,0.575694234322291,0.531867043741513,0.117248406197177,2,3,1,85.2620803360744
"1486",0.15181912998436,0.828055320569547,0.363218162017874,0.162708429463673,2,3,1,138.657793939298
"1487",0.171072392165661,0.0249371076060925,0.179158835784765,0.125067153322743,2,3,1,23.7175024947619
"1488",0.962553920262726,0.255686094214907,0.114583600290352,0.65904471305199,2,3,1,50.599307695948
"1489",0.101953406204702,0.713813590310747,0.938247146699578,0.966097576394677,2,3,1,93.7876512763371
"1490",0.181511529791169,0.97848965736106,0.683442731598625,0.586856623073108,2,3,1,151.651553115081
"1491",0.360512477910379,0.848635269617662,0.524724126013462,0.513766569471918,2,3,1,134.207067880245
"1492",0.562763556244317,0.446400468614884,0.727972407978959,0.975218878127635,2,3,1,61.5129178402228
"1493",0.233767961902777,0.688076100044418,0.341540017495863,0.847652457897784,2,3,1,112.596638007611
"1494",0.399271206200356,0.07043499505613,0.32296780047589,0.444452212908072,2,3,1,26.2797220327419
"1495",0.471241996305762,0.245217723369133,0.955245062153554,0.624499896718189,2,3,1,35.2426144317414
"1496",0.156173238210613,0.583794442310464,0.348447368951747,0.687367227075156,2,3,1,93.4776739395082
"1497",0.879134642313002,0.890407610392431,0.60406256561866,0.244456926883431,2,3,1,138.031953605349
"1498",0.715813609161414,0.0481411307724193,0.371633103346685,0.938003391853999,2,3,1,23.7818146701308
"1499",0.52561721631093,0.194633235285291,0.288375166365877,0.0381561693432741,2,3,1,39.4833930177504
"1500",0.81786125495797,0.958920404514065,0.674519976578886,0.393840132239275,2,3,1,148.019098784776
"1501",0.577976239407435,0.735567195983604,0.331772524883272,0.05810120927752,2,3,1,121.698833799492
"1502",0.353620623921743,0.727988131443271,0.284785139960004,0.400960508568678,2,3,1,122.967243721853
"1503",0.442570250128629,0.77682286853902,0.0463455516844988,0.0967556148394942,2,3,1,147.797059774668
"1504",0.863024821144063,0.57098495645565,0.336248759034788,0.896111670082901,2,3,1,91.818911667084
"1505",0.538708247760078,0.52635275659617,0.949098615613766,0.998717554280302,2,3,1,66.9052538369969
"1506",0.126011652410962,0.233857555697905,0.400664692715509,0.738978114116471,2,3,1,42.0593420129537
"1507",0.345417157140328,0.79123650071444,0.200921376800397,0.529011670821346,2,3,1,141.068385275497
"1508",0.91205520776799,0.788261231334181,0.796140854578698,0.791710444117198,2,3,1,110.859285961188
"1509",0.382302979980595,0.947768695198465,0.868206072346074,0.961597940042848,2,3,1,136.385306878717
"1510",0.0265269302122761,0.340320260454901,0.487531782545848,0.614388129529543,2,3,1,53.1753151582551
"1511",0.749850409252103,0.552245674642036,0.152936024394585,0.482036614336539,2,3,1,96.0302924014081
"1512",0.603634343424346,0.508033422350418,0.649232956931228,0.418157721530879,2,3,1,71.7257931711081
"1513",0.995418659070274,0.366853197136661,0.0217874834616669,0.431948603224009,2,3,1,69.512810982283
"1514",0.2775982324488,0.781998373802053,0.304411848612363,0.914395633788081,2,3,1,133.097979796724
"1515",0.436928562530084,0.392535012173466,0.0375473903154489,0.303308589794906,2,3,1,73.0712350894225
"1516",0.414746088105021,0.763620341357309,0.509925964061404,0.750611162594287,2,3,1,118.748735270535
"1517",0.403087946452433,0.440170735715656,0.793907799526351,0.258328455365263,2,3,1,59.1868822972859
"1518",0.333158127837814,0.531894563429523,0.0316244124074001,0.547487234703731,2,3,1,97.8774564173351
"1519",0.0384882219182327,0.455508676231839,0.853138652213383,0.190235948837362,2,3,1,59.8475022013252
"1520",0.339862246277044,0.211222395440564,0.308968597996281,0.132260631658137,2,3,1,41.0283329580349
"1521",0.218300373288803,0.321601557900431,0.952358037534868,0.625629270857899,2,3,1,42.8589249285426
"1522",0.0710654943261761,0.0659033278410789,0.832425049424637,0.354887262185803,2,3,1,21.2178138802902
"1523",0.887317873432767,0.522458217006642,0.78705077577848,0.374666655478068,2,3,1,70.1428250782091
"1524",0.773715821376536,0.453075412869221,0.568234930580948,0.0400168625987135,2,3,1,66.0685103780453
"1525",0.340487780299736,0.0816128912311979,0.0163098388828803,0.338874060892267,2,3,1,31.4577214145096
"1526",0.121145926531171,0.363042068345239,0.94143632418476,0.671796971125295,2,3,1,47.4569889743321
"1527",0.630620469774585,0.565787222594954,0.158011288623093,0.0459849634068087,2,3,1,98.0374846718503
"1528",0.810054653931875,0.904371269486146,0.877593385974178,0.733309265463613,2,3,1,127.866050544766
"1529",0.223526738438522,0.0104616032156628,0.241717565696454,0.412338316438254,2,3,1,21.8132719464621
"1530",0.45003266335465,0.184658348459052,0.849910472147167,0.78477339099627,2,3,1,30.8604734975121
"1531",0.979472002740949,0.750635695380624,0.392055393200135,0.369911455574911,2,3,1,121.815821574428
"1532",0.423892450373387,0.604668079955736,0.623019189495826,0.836481342389016,2,3,1,87.0172746422731
"1533",0.883492331146263,0.416148325946415,0.382739075636491,0.321741139863152,2,3,1,65.8775009203181
"1534",0.253596079411218,0.218868200760335,0.772756715450669,0.239546382516855,2,3,1,34.9317470815503
"1535",0.00203291650861502,0.118743802657118,0.984253809268121,0.759260338915046,2,3,1,24.0789210048367
"1536",0.640899409659905,0.0761964393302333,0.195169759433484,0.744289393475046,2,3,1,28.3791301736876
"1537",0.621513197331224,0.316409531902755,0.218909178500762,0.460825441115303,2,3,1,56.2376771974081
"1538",0.329052395593608,0.353715582069708,0.0610611995158251,0.53692695485428,2,3,1,66.1719370346059
"1539",0.24236566785723,0.652118181248661,0.722587287047645,0.466213969321689,2,3,1,91.06668277349
"1540",0.570653492106358,0.146368353526341,0.127867037015967,0.319254079466918,2,3,1,36.7995077156688
"1541",0.311215574651724,0.69116013997118,0.44905450826278,0.397451687841676,2,3,1,108.054178449422
"1542",0.427153673348948,0.460302686408395,0.581173399661202,0.207612345856614,2,3,1,66.7844498834624
"1543",0.0814888958830852,0.273046262945281,0.162572669350775,0.40548688662122,2,3,1,51.7449162610823
"1544",0.430632285487372,0.0868075954949018,0.605142121952958,0.770668986012461,2,3,1,24.808075282936
"1545",0.138340874137357,0.696313529489562,0.573271488664905,0.695716310496209,2,3,1,103.885064010195
"1546",0.890448238779791,0.542876771003939,0.279489609866869,0.60037908124621,2,3,1,89.1695797502185
"1547",0.491000678164419,0.984878635724308,0.738402424616506,0.344093959744787,2,3,1,149.688248065224
"1548",0.954826402678154,0.030799538041465,0.65330118376296,0.269696214591386,2,3,1,19.9273953410813
"1549",0.200902652590303,0.223231430173619,0.676408993894001,0.553514214453753,2,3,1,36.6448074235644
"1550",0.162226986420574,0.287937656536233,0.0743178058729973,0.448220884107286,2,3,1,56.0333957181372
"1551",0.394048992773751,0.0903758975770324,0.0103476256842259,0.377738697230816,2,3,1,32.5083773983088
"1552",0.323084136925172,0.414880861763377,0.732882045023143,0.807534162480151,2,3,1,57.3779326990341
"1553",0.263055546997348,0.858576845531352,0.909746253683697,0.0898880781268235,2,3,1,117.991945116595
"1554",0.947159894120414,0.537010350775672,0.709066881393082,0.840128545344342,2,3,1,74.3019410901084
"1555",0.637369960765354,0.952180182640441,0.171874415461207,0.662742280761013,2,3,1,180.512000475932
"1556",0.895000530869002,0.502868216703646,0.460897495208774,0.271141665378818,2,3,1,76.3575564106377
"1557",0.584638640311314,0.609481639974983,0.5030665189703,0.694332795597147,2,3,1,91.9218681703728
"1558",0.671113491534488,0.513708823070629,0.270177923177835,0.0833739667909685,2,3,1,84.4336993250374
"1559",0.614219286221778,0.227166911511449,0.246749194259755,0.988689625617117,2,3,1,44.1330059656367
"1560",0.662327473524492,0.919989782148041,0.813586986099835,0.648363150914665,2,3,1,133.606498187662
"1561",0.40633549687569,0.3497241430555,0.209183271459769,0.00930102117476054,2,3,1,61.0686306539708
"1562",0.943225633742986,0.830894172507105,0.554455749777844,0.576968558009248,2,3,1,129.260261275403
"1563",0.448097434112569,0.972496077305404,0.527445161497453,0.591764239383629,2,3,1,159.631653446107
"1564",0.756478715796256,0.0570882583747152,0.698864305404713,0.198576961337822,2,3,1,21.5747706224789
"1565",0.784273734705057,0.0193290173378773,0.685802053268999,0.148135663357098,2,3,1,18.8435788464217
"1566",0.825882779437816,0.150715211364441,0.454259820502484,0.810757973024156,2,3,1,32.3679914461669
"1567",0.228830650834134,0.1427454325289,0.226692034009611,0.595728077628883,2,3,1,34.7935463499339
"1568",0.306110139416996,0.930668909958331,0.890736683678115,0.121859120550798,2,3,1,131.590619943185
"1569",0.0934583942918107,0.659755334887886,0.694401169398334,0.58484496332705,2,3,1,93.2696452610037
"1570",0.388124726018868,0.968435797276907,0.328751518464414,0.314102380471304,2,3,1,171.815020331022
"1571",0.823688262508949,0.87453147509601,0.234222137457691,0.700694215574767,2,3,1,157.458192832549
"1572",0.935000415554969,0.477293646056205,0.754706297623925,0.853991038891254,2,3,1,64.9329459864092
"1573",0.517789075981127,0.131656343666837,0.426617847315501,0.872876352046151,2,3,1,30.8515184928792
"1574",0.502424238577951,0.121148581402376,0.768633234642912,0.139758483291371,2,3,1,26.1334094555113
"1575",0.293221198212123,0.40288149473723,0.193284707614221,0.509263745037606,2,3,1,69.531308572879
"1576",0.735107800106052,0.102033623143798,0.0937968149967492,0.944892498794943,2,3,1,32.479318520256
"1577",0.991723182131536,0.863746057883836,0.928226760290563,0.153223106497899,2,3,1,118.198439285151
"1578",0.767155359319877,0.0529077093664091,0.563462406180333,0.881023177895695,2,3,1,22.3875091239167
"1579",0.655623154579662,0.836963890739717,0.313371184241259,0.889796841110801,2,3,1,144.099345679503
"1580",0.651653533023782,0.423055706321029,0.359785972002428,0.566188667828683,2,3,1,67.5655746737019
"1581",0.712098547754576,0.757104984842008,0.138461564370664,0.950916939479066,2,3,1,137.891174919358
"1582",0.917134934180649,0.356866452641552,0.186559300061781,0.332144632207928,2,3,1,62.8136646020331
"1583",0.679927112723235,0.823428797703236,0.777443487457931,0.98153294196818,2,3,1,117.806165242795
"1584",0.0236853757826611,0.0995523115934338,0.375900717949262,0.787844488979317,2,3,1,28.3903254281559
"1585",0.142784995153779,0.186581599056954,0.484721516742138,0.347885245406069,2,3,1,35.5634230676059
"1586",0.481293986859964,0.649467726238072,0.0557932979881298,0.729992372567067,2,3,1,119.94559293645
"1587",0.726779119069688,0.251160564661259,0.517689254706493,0.485106680750614,2,3,1,42.0017998785902
"1588",0.0562742713734042,0.0379520232207142,0.7803592693666,0.180336387464777,2,3,1,19.531289076002
"1589",0.558124143057503,0.585790572890546,0.100056892338907,0.515290872056503,2,3,1,104.778095607462
"1590",0.553666538115358,0.993942197994329,0.266057828711346,0.0928072602476459,2,3,1,182.181965715812
"1591",0.973269471531967,0.281396877934458,0.415251460848376,0.473092014573049,2,3,1,47.3602714701783
"1592",0.107141865688609,0.745371589802671,0.0984575630212203,0.860781507139327,2,3,1,137.863137037924
"1593",0.732688067054842,0.333387398236664,0.904897192723583,0.16723614439019,2,3,1,44.7685465801529
"1594",0.510410737011116,0.128526564105414,0.633787542772479,0.499053329019807,2,3,1,28.1380376894943
"1595",0.214903121064417,0.290057874157792,0.222850812366232,0.633122388466727,2,3,1,52.6043317528074
"1596",0.370301021339837,0.883612415097887,0.934240885935724,0.355773305123439,2,3,1,121.548379016295
"1597",0.854204954288434,0.376726631969213,0.293559185087215,0.644600197451655,2,3,1,62.7438926537023
"1598",0.702740978287766,0.492020935132168,0.237846006312175,0.0315777993260417,2,3,1,82.0187725969865
"1599",0.96984549491317,0.854905440472066,0.657509540271712,0.713953900819179,2,3,1,128.853368990767
"1600",0.477619165381184,0.162896449387772,0.165208840643754,0.816374571839115,2,3,1,38.0628579762527
"1601",0.731069248127751,0.294176245577401,0.227067859566305,0.117285810646135,3,3,1,60.7717649699976
"1602",0.966908374319319,0.844052550269989,0.189602848938666,0.525675788775552,3,3,1,176.084436923163
"1603",0.339192452812567,0.699746578714112,0.340695660113124,0.873072900078259,3,3,1,131.746716552755
"1604",0.190281902762363,0.225634935846319,0.149091522769304,0.517188354529208,3,3,1,52.6591266062265
"1605",0.208816965995356,0.552052619813476,0.905605343902716,0.282505411801394,3,3,1,81.6747025524749
"1606",0.170090401774505,0.382139311695937,0.581893598340685,0.861672875205986,3,3,1,64.7761790207785
"1607",0.356276841482613,0.328086066608084,0.960797951743007,0.229951614713063,3,3,1,49.7578245742282
"1608",0.649180167081067,0.868484546712134,0.825171676343307,0.179915246991441,3,3,1,141.471671107878
"1609",0.66383503277204,0.320836757427314,0.318357892966596,0.0887257853429765,3,3,1,62.3502361617535
"1610",0.905823096719105,0.451752245653188,0.381050984980538,0.0433128378121182,3,3,1,81.4782950427581
"1611",0.37942780115176,0.807182698342949,0.0933723520021886,0.234049184388714,3,3,1,173.869956983933
"1612",0.990614078016952,0.961590387956239,0.446412115825806,0.992967582766432,3,3,1,186.697790823403
"1613",0.607414804336149,0.246041472436627,0.499685771631775,0.84087665842846,3,3,1,47.8919674345726
"1614",0.483844394267071,0.938307779076276,0.587495345874922,0.505162325360579,3,3,1,170.68073996409
"1615",0.789074893370271,0.979762346490752,0.407546578315087,0.221112354252255,3,3,1,193.469516324864
"1616",0.0640698188217357,0.920885222292272,0.132164212514181,0.343290671127616,3,3,1,201.522543039683
"1617",0.344417165006744,0.588596289864508,0.503885320636909,0.558871993630892,3,3,1,101.452385576485
"1618",0.143266307620797,0.686455177527387,0.250692173029529,0.458782682667952,3,3,1,133.763222195727
"1619",0.583305944581516,0.733980879070004,0.294407909293659,0.0699135204555932,3,3,1,141.498231352027
"1620",0.638542021573521,0.150332927168347,0.920433197112288,0.70533722305554,3,3,1,31.1716808922255
"1621",0.0267237500741612,0.767078002468916,0.779242411515443,0.92993284593802,3,3,1,123.832092532732
"1622",0.221219044611789,0.744196901360992,0.0659404943219852,0.148065690930234,3,3,1,159.646931093198
"1623",0.535759873427451,0.561395983219845,0.37893890674226,0.111418717020424,3,3,1,101.306963846991
"1624",0.259092862530379,0.468143732845783,0.947837428457569,0.898607665422605,3,3,1,68.3305364618022
"1625",0.493483344863635,0.178860449489439,0.698754795212299,0.510187031904934,3,3,1,36.7368744758536
"1626",0.505114684018772,0.95879624125897,0.0364847843104508,0.33060236575664,3,3,1,222.083276548788
"1627",0.886425318691181,0.987636639998527,0.912034608598333,0.214345897621242,3,3,1,162.009512301756
"1628",0.487211750892457,0.89979264698457,0.0132286763715092,0.42079847078654,3,3,1,207.193661776162
"1629",0.353958368558669,0.396961938033346,0.738870826394996,0.627136386586353,3,3,1,63.1128493671379
"1630",0.457485709527973,0.133278961748583,0.506773217847804,0.743206169487676,3,3,1,34.4308196135576
"1631",0.366903398642316,0.445353651173646,0.832729329434224,0.647582230484113,3,3,1,67.7697370426168
"1632",0.852111357582034,0.681644161845325,0.166704982867232,0.736247208801797,3,3,1,137.955357396748
"1633",0.285133489648579,0.00741668717120774,0.989909096565098,0.107568426897051,3,3,1,18.539341984943
"1634",0.970541895590723,0.872689423609991,0.769458907537628,0.723780206911033,3,3,1,145.598975113696
"1635",0.546457550963387,0.157020835515577,0.349449584089452,0.636280620968901,3,3,1,39.5268875217102
"1636",0.644004618258914,0.317264075888088,0.642759126957972,0.20025176208932,3,3,1,54.2758040340776
"1637",0.303140808970202,0.353424443703843,0.364984464200679,0.590763285357971,3,3,1,66.149959336622
"1638",0.674320449806983,0.0161763493961189,0.860390870271949,0.845152355369646,3,3,1,20.0631233807956
"1639",0.961242055207258,0.0614836049277801,0.810587572945515,0.578344826265238,3,3,1,24.1508993315367
"1640",0.958027226885315,0.254259778860724,0.0422190379060339,0.45171389256604,3,3,1,59.8389879418198
"1641",0.676685938169248,0.777857316762675,0.288204603216145,0.666749924806645,3,3,1,152.613936943298
"1642",0.363805645726388,0.520953551218845,0.398003081429051,0.964206392139895,3,3,1,93.312459294546
"1643",0.727092859197874,0.440568244465394,0.759399940260919,0.83488982185605,3,3,1,68.8881121908212
"1644",0.39157792164362,0.58358180651092,0.22046880587237,0.185456644342048,3,3,1,113.073039818791
"1645",0.720764557217481,0.42826469508349,0.282828611527802,0.0902743064577226,3,3,1,80.8641685191699
"1646",0.710045171409147,0.26243210133398,0.685268334092107,0.167138084843755,3,3,1,46.5113816656843
"1647",0.910272589523811,0.508530871452531,0.565061306490097,0.134620769672329,3,3,1,84.9456739476048
"1648",0.0668747200048529,0.089811262730509,0.179867724570213,0.191890430960339,3,3,1,34.319650477199
"1649",0.802970196703682,0.413473781145876,0.536891983394744,0.890160642565461,3,3,1,70.6752118152025
"1650",0.919742040976416,0.0514629657042678,0.648314535276731,0.543059650963405,3,3,1,24.7224013657963
"1651",0.715618544414174,0.212827050603228,0.916560706481105,0.440475310354959,3,3,1,37.4751625799278
"1652",0.511046635077801,0.690674467138015,0.870569678385509,0.241482986994088,3,3,1,105.703559108398
"1653",0.0121282830857672,0.617190046400065,0.615351772611029,0.901957877591485,3,3,1,102.39230377472
"1654",0.276984075254295,0.306693221071037,0.199159108576132,0.775837015473517,3,3,1,63.5909831134481
"1655",0.773408238178818,0.333179346157704,0.411219500993611,0.983424921156839,3,3,1,61.8945330686339
"1656",0.0937599744577892,0.067709110804135,0.572936026804382,0.357866438842611,3,3,1,26.9591888216396
"1657",0.571332880249247,0.990712251112564,0.782617959231138,0.261788744446821,3,3,1,170.214314516689
"1658",0.759020843143808,0.0303786747844424,0.372149157933891,0.478945914617507,3,3,1,25.5274982901059
"1659",0.464415465071797,0.7717597397801,0.278907624899875,0.0356378288147971,3,3,1,151.153909846436
"1660",0.0408296400064137,0.900851461123675,0.467897898150841,0.957665504267206,3,3,1,170.111021064075
"1661",0.997499803993851,0.704393341547111,0.230054855988128,0.858183209446725,3,3,1,139.298941776785
"1662",0.059108934069518,0.230152824728284,0.937274624386337,0.375636300022015,3,3,1,39.0339824076622
"1663",0.396700136511354,0.484407618899131,0.880003330489853,0.254988098031608,3,3,1,72.1834948457504
"1664",0.334180049520219,0.273848457129207,0.522352663518395,0.696163645015331,3,3,1,51.0475181452315
"1665",0.0801029822276905,0.367385938661173,0.262659696972696,0.504871503653703,3,3,1,71.3860543090924
"1666",0.528021051470423,0.431978701334447,0.017420768024167,0.574053046648623,3,3,1,92.3379212798257
"1667",0.620937711533625,0.711624917793088,0.76114370068186,0.676845064945519,3,3,1,113.940890195821
"1668",0.98628369391663,0.811044493828667,0.727332481723279,0.780932606096612,3,3,1,134.965546905781
"1669",0.62596741466783,0.168163659466663,0.959160479145357,0.398385758339427,3,3,1,32.4604135684124
"1670",0.112443188135512,0.348466919601196,0.47941682361532,0.770985546975862,3,3,1,62.3999829449066
"1671",0.896152959911851,0.355026007138658,0.0615540623222478,0.948482345417142,3,3,1,76.183278403708
"1672",0.248746362271486,0.671275923524518,0.0574068657343742,0.718783344922122,3,3,1,142.699513522367
"1673",0.159182177388575,0.887031007615151,0.84440914292587,0.670545807982562,3,3,1,144.716022675718
"1674",0.602020645944867,0.664390319177182,0.295213052552426,0.291026498543797,3,3,1,126.281634283064
"1675",0.0888590951648075,0.830680046743946,0.857404003160773,0.0295659983286168,3,3,1,132.183901177972
"1676",0.706755236606114,0.532226816690527,0.357764778602868,0.978451690013753,3,3,1,96.9989207533618
"1677",0.87021351075964,0.786921577911125,0.895715826010564,0.917502886707662,3,3,1,122.607295743958
"1678",0.558740823995322,0.0149017107405234,0.481551596859936,0.589879823273514,3,3,1,23.0044260764407
"1679",0.0184661765955389,0.0976294169796165,0.257801149629522,0.920974523705663,3,3,1,34.0504948438093
"1680",0.454689110758482,0.137844835446449,0.774112109880662,0.155898632525932,3,3,1,31.5444888556862
"1681",0.516672212951817,0.493831829208648,0.33681715702056,0.661631412351271,3,3,1,90.6829415154432
"1682",0.418193878178718,0.794805736650014,0.661457390602445,0.472345943900291,3,3,1,134.731119717847
"1683",0.131930214291206,0.622894306184026,0.681339332569623,0.461121935525443,3,3,1,100.772623138359
"1684",0.0736394428228959,0.569950398096116,0.417283160266234,0.152428107579472,3,3,1,101.337922275377
"1685",0.447548038525274,0.470375457316404,0.748475256499369,0.853273290160578,3,3,1,73.6005239516141
"1686",0.78238139795023,0.525271815349115,0.789663038991857,0.595209610642632,3,3,1,80.8757319948524
"1687",0.797539509913186,0.932672380431322,0.190725573312957,0.941614103252068,3,3,1,200.150309266911
"1688",0.47405997170019,0.669415803154698,0.519086700243643,0.467879243360367,3,3,1,116.231492547682
"1689",0.879247578467475,0.745316314332886,0.391570626236498,0.887839229105739,3,3,1,138.886834372276
"1690",0.818317962716101,0.25670681658783,0.425002360108774,0.36923081284971,3,3,1,50.7415989961996
"1691",0.946439453079365,0.100401929323561,0.620169494854053,0.049875189117156,3,3,1,29.5902281871143
"1692",0.0488781998073682,0.160630224253982,0.667312019916717,0.563854016726837,3,3,1,35.2058609087406
"1693",0.32789043486584,0.239741870779544,0.206533911657752,0.0151727941993158,3,3,1,53.2285994031057
"1694",0.0772574065777007,0.968419458018616,0.597566652537789,0.790129927212838,3,3,1,177.408965564455
"1695",0.926120244512567,0.502388537100051,0.0953144565655384,0.279638108727522,3,3,1,102.66637499054
"1696",0.318541695834137,0.999139336242806,0.809926602009218,0.751451267205412,3,3,1,170.963899695622
"1697",0.698830153053859,0.726571031729691,0.240940029604826,0.126681274563307,3,3,1,143.190004412297
"1698",0.188461308177793,0.675824764679419,0.72430699616205,0.498495107101044,3,3,1,108.719791890977
"1699",0.830214926040499,0.206981982985744,0.0747604937339202,0.825626698953565,3,3,1,51.8049084551807
"1700",0.271103203993989,0.849392433003522,0.102632373451488,0.327000555234263,3,3,1,184.478038873001
"1701",0.823336753556505,0.828191408959683,0.219093575577717,0.351942602897761,3,3,1,169.542453224513
"1702",0.567401534774108,0.463737729894929,0.552858200366609,0.408254729760811,3,3,1,78.0579918633571
"1703",0.263875856708037,0.907717449284391,0.609583864822052,0.411022361826617,3,3,1,162.10208180511
"1704",0.497965098972199,0.117576595039573,0.310649413446663,0.54992558442289,3,3,1,35.5140264910086
"1705",0.293975021122023,0.724132954224478,0.124720396427438,0.911927477048011,3,3,1,150.979446163113
"1706",0.578287263337988,0.948519604627509,0.184876280034659,0.238617458745139,3,3,1,204.156675573333
"1707",0.215176208534976,0.220836864903104,0.625022606315324,0.217042479779338,3,3,1,42.546191349683
"1708",0.401442349383142,0.360599482248072,0.0835259063087869,0.624476701401873,3,3,1,76.3155124898485
"1709",0.903547879284015,0.596359567728359,0.214857597306836,0.120084327771328,3,3,1,115.975773774916
"1710",0.666763316103024,0.763021972499555,0.023742891777074,0.419525904880138,3,3,1,168.196691688292
"1711",0.148815843913471,0.003153621556703,0.126934765963815,0.687536780998344,3,3,1,25.6270274219683
"1712",0.0984698826668318,0.121987498532981,0.173402101608226,0.612371223609662,3,3,1,38.294596377549
"1713",0.383994255947182,0.804169586091302,0.631292494175723,0.729098577534314,3,3,1,138.377606652893
"1714",0.615283113918267,0.185042923111469,0.333209350116085,0.248274579850258,3,3,1,43.231949220401
"1715",0.943771256343462,0.194778448728612,0.993541918531992,0.821235366995679,3,3,1,34.7064633883155
"1716",0.200280599644175,0.601958429986844,0.23553842766094,0.425793230296113,3,3,1,116.273706979268
"1717",0.00782383558340371,0.951267687496729,0.715935922390781,0.650045453180792,3,3,1,165.727332370761
"1718",0.320699860769091,0.0391399443300907,0.350981428775704,0.584644626241643,3,3,1,26.6162103900256
"1719",0.596110965422122,0.0914935038390104,0.5467202687799,0.817410744577646,3,3,1,29.5752087354366
"1720",0.176778766742209,0.199052141490392,0.997912707852665,0.765295243841829,3,3,1,35.0810180608158
"1721",0.533642542500747,0.556436158990255,0.164614465679042,0.836143489308888,3,3,1,110.558986002947
"1722",0.552653545904905,0.652707040935056,0.977303773285821,0.446990481959656,3,3,1,95.6645325118967
"1723",0.305058135658037,0.797059864677722,0.846602984237252,0.869092370372964,3,3,1,126.653582240721
"1724",0.239609174450161,0.288315062429756,0.67778129326296,0.807337935436517,3,3,1,49.9100153090361
"1725",0.840772258596262,0.421830016243039,0.432633229816565,0.184245441689854,3,3,1,74.9020420411264
"1726",0.807435455517843,0.47945051601273,0.886401469174307,0.256035609862302,3,3,1,71.3045511625657
"1727",0.0217425944621209,0.98389507447253,0.455942940731766,0.0591024985536933,3,3,1,190.427353889003
"1728",0.242126802244456,0.572348043709062,0.493364238479408,0.140858496730216,3,3,1,98.7000680754656
"1729",0.653736754907295,0.376542310046498,0.651241244834382,0.988500897700433,3,3,1,62.3028526521322
"1730",0.374468915351899,0.202460354109062,0.601736378701171,0.0613438637752552,3,3,1,40.7561011249068
"1731",0.408848167462274,0.109846517406404,0.750082109448267,0.28995413584169,3,3,1,29.0992272989456
"1732",0.0324480291525833,0.546871515209787,0.404026896395953,0.733564854694996,3,3,1,97.7906438603934
"1733",0.864576323280344,0.373808170986595,0.734355341379996,0.383650035947794,3,3,1,59.9744115339113
"1734",0.503586830351269,0.542402829105267,0.323382641795324,0.656311508995714,3,3,1,100.287665837273
"1735",0.0531742251582909,0.893550208433298,0.329289987591328,0.880525659193518,3,3,1,178.237478342449
"1736",0.846623270490672,0.489398287493968,0.304087342154235,0.401299831573851,3,3,1,91.075876097002
"1737",0.826656957040541,0.628243336076848,0.980956463669427,0.296203851614846,3,3,1,91.5052142435446
"1738",0.199543772598263,0.879661757578142,0.00805242332979105,0.207132919534342,3,3,1,201.479398105215
"1739",0.475662923096679,0.284889177365694,0.485945377681637,0.300647626038408,3,3,1,53.2362839027163
"1740",0.167125109854387,0.784197364484426,0.54181695368723,0.538649802767905,3,3,1,138.780187227955
"1741",0.108286594224628,0.0254710607219022,0.000743968794122338,0.00608881434309296,3,3,1,29.6787036225225
"1742",0.439607840209501,0.278458674666472,0.952592521458864,0.811126261375612,3,3,1,44.1531000742706
"1743",0.769355824204395,0.313566498259315,0.152723361740354,0.0540086408599745,3,3,1,65.9343258100951
"1744",0.000924058224773034,0.39341264000861,0.561045606473926,0.313117818224709,3,3,1,66.8949429592663
"1745",0.118128034890397,0.219128829538822,0.0276297904097009,0.370083020946477,3,3,1,54.7927393277172
"1746",0.692548712068237,0.0827177071548067,0.441020817324752,0.605870725100394,3,3,1,29.9408888809207
"1747",0.977742146298988,0.97141848642379,0.592822175819892,0.306838083172915,3,3,1,177.945235175266
"1748",0.953267989826854,0.45579142830451,0.136149044468766,0.758920013634488,3,3,1,91.7691375965971
"1749",0.932376180654392,0.605727798141306,0.822074452285888,0.172353872923413,3,3,1,92.7756739728971
"1750",0.281675676283194,0.172688473081216,0.527030373346061,0.102752460482297,3,3,1,38.4903374339714
"1751",0.684928032269236,0.513061242753174,0.670765671025729,0.616510855794186,3,3,1,82.4726873710724
"1752",0.386406566461083,0.341548527034465,0.790618596158456,0.87779421741725,3,3,1,54.5712475683002
"1753",0.523276038308395,0.754116229163483,0.969985670073656,0.5313813946757,3,3,1,113.435655742249
"1754",0.687805119121913,0.91754688334302,0.365018898866838,0.690345961456187,3,3,1,181.457872379957
"1755",0.266497936201049,0.655551587318769,0.613428888131166,0.489060175999766,3,3,1,109.448317891526
"1756",0.136509027079446,0.295422650399851,0.934705352910096,0.603339288325515,3,3,1,46.3614291724296
"1757",0.103755760198692,0.337959711281583,0.0527139237779193,0.492537328499602,3,3,1,73.4265028369572
"1758",0.0381592384434771,0.758352764018346,0.158994916424854,0.2691820444318,3,3,1,156.452904410743
"1759",0.430349311968312,0.857900507315062,0.463342964210315,0.640412631783402,3,3,1,160.002179614524
"1760",0.31269810049329,0.048853798651835,0.0858938337909058,0.56661157364375,3,3,1,31.0806705169613
"1761",0.631745803456288,0.0575632494536694,0.436948301653611,0.162343623135239,3,3,1,27.4468991625885
"1762",0.893915800786344,0.024771158072399,0.421874511761125,0.713267231966602,3,3,1,24.4837504786249
"1763",0.232137592323124,0.59435565158492,0.142326964829117,0.335793572226539,3,3,1,119.586276135329
"1764",0.85948780131177,0.836994217099855,0.941488764937967,0.936376588973217,3,3,1,130.237052880796
"1765",0.983950677745743,0.241132512609474,0.453589811526472,0.439526747858617,3,3,1,48.1220550270048
"1766",0.83860814864398,0.863918356184149,0.837329119356582,0.787004982457729,3,3,1,140.376025204599
"1767",0.213456166713731,0.12968764959136,0.558636024914449,0.0321934208506718,3,3,1,33.3184026854798
"1768",0.225706574257929,0.635078813132131,0.245201364957029,0.433148502646945,3,3,1,122.793503781489
"1769",0.866722193924943,0.643745865282835,0.638369237795705,0.632686185128987,3,3,1,106.282916850134
"1770",0.299859431502409,0.184234195108293,0.893679375567008,0.32050290462561,3,3,1,34.8016348672071
"1771",0.884291259450838,0.404030312284594,0.273487845855998,0.0703496624354739,3,3,1,77.0273261214623
"1772",0.740857044304721,0.497297494939994,0.577069828863023,0.933262449464528,3,3,1,82.8870600832775
"1773",0.544072873302503,0.112329342016019,0.65763022048166,0.0101578947040252,3,3,1,30.3393391972326
"1774",0.468347997026285,0.735066233208636,0.854505681906594,0.392486454222817,3,3,1,114.392375435533
"1775",0.120943798974622,0.648763959481148,0.707364574559033,0.799739604803035,3,3,1,104.545686035996
"1776",0.413741039708257,0.815872623514151,0.815276867549401,0.74970450849738,3,3,1,131.721735171587
"1777",0.160122534109978,0.0716175638861023,0.04990484171547,0.274015038827201,3,3,1,34.2836202581447
"1778",0.700071771497605,0.0779413175361697,0.118924596831203,0.348148283854825,3,3,1,33.909797600519
"1779",0.254083509267075,0.719137852698332,0.80412491022842,0.0824351217830554,3,3,1,113.272563548201
"1780",0.923851363698486,0.539937831346178,0.0321838601410855,0.99683435624931,3,3,1,114.140963670125
"1781",0.736249361309456,0.518585713247303,0.796182432727655,0.0206988250929862,3,3,1,79.4741989744734
"1782",0.153525982560823,0.43752114715986,0.693273774407571,0.95217969396268,3,3,1,70.1318851545407
"1783",0.125366235375404,0.633718869565055,0.388529959360603,0.483907906383974,3,3,1,115.227611578351
"1784",0.424167933863355,0.388565261908807,0.106514897715533,0.702499621310271,3,3,1,80.4651103109875
"1785",0.348560276411008,0.610003348781029,0.973124196608551,0.907592630863655,3,3,1,88.9743069481669
"1786",0.611119281251449,0.940177108383505,0.744451532547828,0.00131606880575418,3,3,1,160.791006502283
"1787",0.939785600599134,0.265709500446683,0.269772666066419,0.362499448905,3,3,1,55.4912090068506
"1788",0.790440707242815,0.140685415383196,0.0757697883341461,0.550182672115043,3,3,1,42.5286962681306
"1789",0.656618085582741,0.415720990638947,0.112928982860176,0.967781595768174,3,3,1,85.2262005846533
"1790",0.182907259569038,0.706862484518206,0.305178645640844,0.681090327638667,3,3,1,135.254184677189
"1791",0.751942180622136,0.92727492991602,0.900776722893352,0.389679142638342,3,3,1,150.005538607584
"1792",0.811479396253126,0.851454600779107,0.531986906270031,0.0995799910032656,3,3,1,153.703004769539
"1793",0.429020016980357,0.910703827455873,0.203865502740955,0.522427851941902,3,3,1,192.544883602724
"1794",0.594341704595136,0.301505457386374,0.9284846046858,0.800831522634253,3,3,1,47.1837643627033
"1795",0.760717827491462,0.408589466401609,0.875021282199305,0.0750596834754106,3,3,1,61.6054124340477
"1796",0.748033336912049,0.884318732891697,0.704100091529544,0.198883743216284,3,3,1,151.163540513792
"1797",0.776015003424836,0.0426225419237744,0.511057872187812,0.13539196855505,3,3,1,25.2316973746138
"1798",0.443344933838816,0.823677230841713,0.86990262890351,0.318675380963832,3,3,1,130.510573940453
"1799",0.58661161821452,0.577187979257433,0.714053374051582,0.973202027352527,3,3,1,91.7886481947537
"1800",0.561730049955659,0.148039433632512,0.471316227120115,0.760037470317911,3,3,1,36.5683510918446
"1801",0.633687699055299,0.517184300138615,0.0318136080505792,0.978822408393025,1,1,2,90.4467267998852
"1802",0.544992539435625,0.038943073998671,0.355677572356071,0.749091670823982,1,1,2,21.9462384545255
"1803",0.0895582845632453,0.942965438062092,0.612627097682562,0.857886697096983,1,1,2,141.308918860913
"1804",0.697829759679735,0.588059687342029,0.903628797698766,0.851510729475413,1,1,2,72.4513046260225
"1805",0.390739765370963,0.313006161487428,0.842224558558082,0.537843085947679,1,1,2,41.3557327243609
"1806",0.592404575332766,0.309364064696711,0.589663059468148,0.6613248786435,1,1,2,44.9820086057743
"1807",0.764741282244213,0.0224420259380713,0.0279744899459183,0.954557964507258,1,1,2,23.9556115105365
"1808",0.145391785318498,0.0888089453405701,0.354231896714773,0.276407112627057,1,1,2,26.1984093137322
"1809",0.2612213599612,0.821976290054154,0.939250172657194,0.514127991639543,1,1,2,105.471043135666
"1810",0.876102037772071,0.259025632216362,0.32072593427496,0.564007197411265,1,1,2,44.1416253199092
"1811",0.962188686328009,0.575431416134816,0.280588682109956,0.767954060481861,1,1,2,90.0480973574601
"1812",0.439474785876228,0.0919258392020129,0.103501370940357,0.212352271719137,1,1,2,29.6250159719049
"1813",0.356474920751061,0.0142135622305796,0.138336454101373,0.49618615043466,1,1,2,22.0059292700307
"1814",0.731409457779955,0.437487225872464,0.34979448184371,0.83904183629551,1,1,2,66.472920924056
"1815",0.570482526854612,0.729688542018412,0.869282231031684,0.970548840246629,1,1,2,93.6011256702408
"1816",0.53327293717768,0.540517689458793,0.0966926946653985,0.41122155991965,1,1,2,91.6147624947192
"1817",0.102273399989353,0.296442152181407,0.065568975249771,0.608277161171427,1,1,2,54.584077380721
"1818",0.996938972598873,0.338133602892049,0.726152656691847,0.242422499333043,1,1,2,45.7962526772912
"1819",0.386539423803333,0.160799557855353,0.235908555056667,0.0598212792701088,1,1,2,34.7170961926269
"1820",0.794773624462541,0.790151884260122,0.870418926815037,0.367349654098507,1,1,2,102.832067598514
"1821",0.603705419094767,0.345019457296003,0.563095912778517,0.783792647857917,1,1,2,49.5383871674567
"1822",0.690075582700083,0.872535709789954,0.462759450823069,0.0671196028066333,1,1,2,135.268624615482
"1823",0.667354664118029,0.14545432551764,0.822612494379282,0.888830936817685,1,1,2,26.2685089850258
"1824",0.91859125452931,0.597234779293649,0.163487560120411,0.465810855240561,1,1,2,98.7156283071163
"1825",0.270845648231916,0.329403181807138,0.0705577210453339,0.153202896858566,1,1,2,58.9947556719851
"1826",0.661631588524906,0.737166103566997,0.44212811097037,0.727794112950796,1,1,2,111.201259916658
"1827",0.398558087577112,0.24331882649567,0.751285831077257,0.481680900870124,1,1,2,35.7186331217826
"1828",0.0198105921596289,0.356529300287366,0.295269646358211,0.879177262987942,1,1,2,56.8263285882371
"1829",0.841622883699601,0.997802297044545,0.540511308854911,0.309240496958373,1,1,2,156.207325326337
"1830",0.308850716862362,0.536941711823456,0.203161175877322,0.0122489214933012,1,1,2,86.4981085044117
"1831",0.903248017790029,0.479778262007749,0.418551534152357,0.636375979887089,1,1,2,70.5128349792058
"1832",0.333019867048133,0.81205518617644,0.245873977274168,0.881242974684574,1,1,2,135.933358185267
"1833",0.510902862895746,0.238356722458266,0.121752697544871,0.908680904582143,1,1,2,45.6986839636251
"1834",0.809843300329521,0.869757728156401,0.42610331447795,0.00353820106014609,1,1,2,136.691877554832
"1835",0.164222710380564,0.15970810729661,0.110738088283688,0.00954238966107369,1,1,2,36.6467497888565
"1836",0.0277562411653344,0.77473446097807,0.0162994582019746,0.176914528384805,1,1,2,142.534060340005
"1837",0.00370742438244633,0.0745631309843156,0.944817043433432,0.200925515613053,1,1,2,19.9484485035302
"1838",0.849938986367779,0.975830088307848,0.717400532077299,0.698553289426491,1,1,2,142.062468070564
"1839",0.171687249278184,0.057982323608594,0.0358124625368509,0.116581503872294,1,1,2,27.2003627460742
"1840",0.563877416147152,0.183933169953525,0.213760584716219,0.833101496625459,1,1,2,37.5889582227244
"1841",0.772074532439001,0.612812801467953,0.572529054186307,0.925339100338751,1,1,2,85.5101718935809
"1842",0.740807438123738,0.640437246394577,0.707753199721919,0.0362456310144626,1,1,2,85.1502475033573
"1843",0.317386161756003,0.83854752364452,0.480134547060588,0.335634639734635,1,1,2,127.956105933126
"1844",0.58676594563527,0.994361036506016,0.643644610054325,0.900010667928727,1,1,2,149.753453328611
"1845",0.974383847516729,0.278493906292133,0.183337901323102,0.640448503787629,1,1,2,49.3507362494509
"1846",0.45403929402004,0.246729303137399,0.767644965066575,0.966362297205487,1,1,2,35.846798238445
"1847",0.1819579555362,0.907268589913147,0.531570067544235,0.566559185560327,1,1,2,138.611083321089
"1848",0.867033191443188,0.455782171628671,0.327705169593683,0.346208603555569,1,1,2,69.6854310748072
"1849",0.232293668375351,0.214557195603848,0.195373859063257,0.734349467229331,1,1,2,41.3654166743223
"1850",0.267205427017761,0.5596319634479,0.883449632142438,0.89821042304975,1,1,2,69.2066086364347
"1851",0.528614525891608,0.496549092754722,0.0438516853249166,0.657699613355799,1,1,2,86.2712866406214
"1852",0.368410192580195,0.766767865170259,0.0541559617954772,0.407260363693349,1,1,2,138.332906011327
"1853",0.156506750767585,0.400172432397958,0.557985632682685,0.44327999522211,1,1,2,56.2908064642005
"1854",0.411557327572955,0.681017202526564,0.664260356685845,0.52569886875106,1,1,2,92.9100578486758
"1855",0.613817579536699,0.980234579293756,0.185035482831299,0.111639562067576,1,1,2,176.999465385396
"1856",0.466081174307037,0.122415545487311,0.225257344807032,0.648150840362068,1,1,2,30.9737658921262
"1857",0.933310761875473,0.267169267799472,0.97794500150485,0.894615317529533,1,1,2,35.1636866313264
"1858",0.897204137627268,0.782739862715825,0.498567217795644,0.756563491213601,1,1,2,116.830605134057
"1859",0.353232695849147,0.0994925623876043,0.720071077086031,0.574449955575401,1,1,2,23.5134200226772
"1860",0.179034787123092,0.33075485000154,0.829404482890386,0.54360505645629,1,1,2,43.3735188609102
"1861",0.122548714539735,0.165027558399597,0.406871842787368,0.390589425854851,1,1,2,32.6827489454697
"1862",0.767100659189746,0.764503324312391,0.803546948297881,0.260270834531402,1,1,2,101.113073930888
"1863",0.703648180250311,0.289326508071972,0.193868900538655,0.386261511752382,1,1,2,50.4714439361717
"1864",0.198241155786673,0.202761197841028,0.763599105286412,0.438861502129585,1,1,2,31.7889314042132
"1865",0.22865726454882,0.92206997206551,0.648680334930541,0.817231600473169,1,1,2,135.390883860088
"1866",0.299635408516042,0.584155056996969,0.0848295380792115,0.741608258130727,1,1,2,100.066808254173
"1867",0.554360197255155,0.710666688242927,0.74600226021721,0.25548120349762,1,1,2,94.6538541042125
"1868",0.37131006126292,0.688782648050692,0.00191435642307624,0.603369626378408,1,1,2,125.144457048058
"1869",0.478922988488339,0.383843734147958,0.435356644425774,0.996624254345661,1,1,2,57.0341862590938
"1870",0.688417883261573,0.111126544773579,0.527309420702513,0.0262121451622806,1,1,2,26.2819708119544
"1871",0.448311993639218,0.655076030009659,0.423106147218496,0.803500804228242,1,1,2,97.7520964569254
"1872",0.214430634967284,0.796693261699984,0.218557927762158,0.138188953748904,1,1,2,134.074777402007
"1873",0.830192585507175,0.00483656642027199,0.0566727453237399,0.679325172400568,1,1,2,22.0549909130654
"1874",0.27517425707425,0.775116786179133,0.310523670262191,0.0852555762545671,1,1,2,124.516092445645
"1875",0.304890803918242,0.420341246710159,0.478725927567575,0.293747648816789,1,1,2,60.6951544118537
"1876",0.576368408052949,0.919605037076399,0.0600444178457838,0.250320821761852,1,1,2,172.852744999767
"1877",0.114959711323027,0.9856754838489,0.846895443245303,0.689314798550913,1,1,2,137.435688668063
"1878",0.0518818448123056,0.387635971270502,0.955766217240598,0.912734741825843,1,1,2,47.4088044832134
"1879",0.403521770583466,0.399749621010851,0.885099762011087,0.474460719933268,1,1,2,49.8780111011832
"1880",0.239665400241502,0.361797364396043,0.780340411482612,0.980364682122599,1,1,2,47.5105022714446
"1881",0.983733341144398,0.0510876289813314,0.107428968928289,0.507485119804041,1,1,2,25.6419935000643
"1882",0.492587167104939,0.505325819068821,0.376566001963802,0.936382354316302,1,1,2,75.5668300983718
"1883",0.988813261872856,0.490860869962489,0.117703813096741,0.0807407552003861,1,1,2,82.208466242158
"1884",0.119075537687168,0.00615817546611652,0.513297876382712,0.316367471633712,1,1,2,18.1422363516019
"1885",0.347640592221869,0.0261529148183763,0.603262968828203,0.340530492694816,1,1,2,18.9260243297029
"1886",0.257632653878536,0.100109916572692,0.372760300455848,0.72096766921808,1,1,2,27.0090376055384
"1887",0.954010662336368,0.37909341654391,0.621632834057091,0.196487497835187,1,1,2,52.36904549527
"1888",0.862084960609209,0.197007343033329,0.578545052076224,0.762696167395916,1,1,2,33.5205906832922
"1889",0.535778506867355,0.553862711476395,0.524393735763151,0.944295729660662,1,1,2,78.1721882214681
"1890",0.748041738088941,0.601033210165333,0.594106025153305,0.418242545293178,1,1,2,82.9473992461141
"1891",0.523116081996122,0.468256580840098,0.905551977059804,0.453835830633761,1,1,2,57.3370073244666
"1892",0.717825813144445,0.574332775811199,0.432383196621668,0.65110789087601,1,1,2,84.257496934384
"1893",0.105130150535842,0.632904400359839,0.127599189014873,0.479273357233033,1,1,2,106.981430010663
"1894",0.67148321259534,0.702164731310913,0.998575503127649,0.69027457269025,1,1,2,85.5867416872314
"1895",0.967464316617697,0.365160255572991,0.738390823296504,0.629644274360035,1,1,2,48.5984875074072
"1896",0.191661469003884,0.0334017993276939,0.836454223463079,0.71349507593317,1,1,2,17.8561788742457
"1897",0.709342169621959,0.547489490772132,0.618142684674822,0.311353763031075,1,1,2,74.3955696413392
"1898",0.813915650448762,0.852509576299926,0.0880318742035888,0.29976964334026,1,1,2,154.958079812209
"1899",0.481258257043082,0.0603001894848421,0.971584339162801,0.843304031203734,1,1,2,18.8068199332719
"1900",0.292393977704924,0.0792818603490014,0.368709918216337,0.360181567721302,1,1,2,25.2055374868878
"1901",0.421802776965778,0.150480417014332,0.653931847906206,0.811210850311909,1,1,2,28.3715955111353
"1902",0.21771366859437,0.370092477798462,0.787489387932001,0.0644247622822877,1,1,2,48.2470021409419
"1903",0.342756202433957,0.88548428496928,0.381181395915337,0.716331468698336,1,1,2,142.875239091755
"1904",0.499407018074999,0.645741286691045,0.948583672227105,0.268646729681641,1,1,2,79.0095529401698
"1905",0.992266384940594,0.281236118531087,0.5847533710266,0.68208229944692,1,1,2,41.9948683301738
"1906",0.787866048713913,0.800099350250093,0.672761436577421,0.989488865713356,1,1,2,112.259270983441
"1907",0.143734944199678,0.750489432582399,0.876788868654985,0.737399608687265,1,1,2,96.4974016449603
"1908",0.0965458935382776,0.880098509300733,0.551994944856269,0.226542482561199,1,1,2,132.111502086637
"1909",0.418450948788086,0.143734365015989,0.363770418002969,0.632667385794921,1,1,2,31.1899993839883
"1910",0.0405054608418141,0.463652650568401,0.0781577944406308,0.864022155822022,1,1,2,79.3825689136933
"1911",0.444366780868731,0.30470913339057,0.387991241982672,0.144434366994537,1,1,2,48.1792459333772
"1912",0.642110845602583,0.523031086042756,0.693904486479005,0.134464019691804,1,1,2,68.9530856922424
"1913",0.547442984380759,0.964093018809799,0.981481418446638,0.173952254960313,1,1,2,127.271201060402
"1914",0.458889395634178,0.879102930069203,0.539285055357032,0.157031247380655,1,1,2,132.534818537402
"1915",0.0926599079312291,0.785754709612811,0.232268588795559,0.397332027951488,1,1,2,131.177555556123
"1916",0.203735182882519,0.808316301434534,0.343953853371786,0.611967263375409,1,1,2,129.448438475008
"1917",0.720612168592634,0.130144218576606,0.809187949777115,0.0960069469595328,1,1,2,25.1434218831393
"1918",0.154376139888773,0.128921679387568,0.023496957430616,0.786255639006849,1,1,2,34.7760036664495
"1919",0.622347764499718,0.972537454955746,0.91489710093243,0.0935485597536899,1,1,2,131.602791612744
"1920",0.502350334104849,0.0822362292755861,0.568432933134027,0.160491654300131,1,1,2,23.4812396066947
"1921",0.920913034379482,0.639814490108984,0.335606124374317,0.287758483096259,1,1,2,98.6285117496606
"1922",0.335924719927134,0.233735821013106,0.276475585119333,0.956611682916991,1,1,2,42.0680714482219
"1923",0.800026862868108,0.895755475208862,0.455231332716066,0.384468427468091,1,1,2,140.492019780559
"1924",0.556002268544398,0.534030111891916,0.684586300004739,0.423623789984267,1,1,2,70.7301084731959
"1925",0.0747343588061631,0.893940054629929,0.205143964800518,0.503135732845403,1,1,2,155.986847885229
"1926",0.584407398204785,0.44117233517929,0.815696834683185,0.426996206447948,1,1,2,55.9036875182437
"1927",0.282185164624825,0.427062972015701,0.931488529024646,0.2344000013615,1,1,2,52.0898629201138
"1928",0.636597680927953,0.757201625303133,0.695906810335582,0.0475868169905152,1,1,2,103.83668643443
"1929",0.943518460161285,0.843783517973497,0.393775023025228,0.186784204686992,1,1,2,133.491938541742
"1930",0.325723617152544,0.95006554315798,0.272342464395333,0.125238144245232,1,1,2,163.457438646909
"1931",0.648328282472212,0.931827796308789,0.985330630413955,0.329946704922477,1,1,2,121.673801192485
"1932",0.626383731676033,0.319643604783341,0.412611431841506,0.920866647476796,1,1,2,49.5204971122218
"1933",0.650823209178634,0.564201268736506,0.813654863664415,0.403478263054276,1,1,2,71.4769850210603
"1934",0.82058605926577,0.0181982017401606,0.00885259844595566,0.915710269352421,1,1,2,23.7920853323469
"1935",0.517610523799667,0.352009927260224,0.629720168928616,0.054905950470129,1,1,2,49.0342494959864
"1936",0.679024408004479,0.831797612278024,0.446432553665945,0.807273186265957,1,1,2,128.585778457874
"1937",0.32196269149892,0.827512646351242,0.917408421313157,0.592115819165483,1,1,2,107.165808706824
"1938",0.568597600082867,0.417789458790794,0.130177632931154,0.615288176377071,1,1,2,70.2452741562675
"1939",0.251732079479843,0.744725092720473,0.7141635267518,0.873168227928691,1,1,2,101.344888301651
"1940",0.125871111998567,0.484827666931087,0.688738661666866,0.826624071771512,1,1,2,64.1140030227672
"1941",0.40846610634122,0.434462388337124,0.792897571917856,0.991025555053493,1,1,2,55.5956312675699
"1942",0.73799890775932,0.177404901670525,0.26981167942984,0.57913839858491,1,1,2,35.9594017349155
"1943",0.82964184636483,0.17289396087639,0.0942690649046563,0.595716634634882,1,1,2,38.4526278815851
"1944",0.797461933057057,0.673790807913756,0.223421970573254,0.518711985602276,1,1,2,109.894348650984
"1945",0.137222540851217,0.222017717193812,0.0123416483937763,0.548627168022795,1,1,2,46.0578858471507
"1946",0.0141811992379371,0.47412460281048,0.599113618662814,0.55213782167295,1,1,2,64.8654052513056
"1947",0.460216976514785,0.207197931619594,0.655926330381772,0.462697644621367,1,1,2,33.4948050177142
"1948",0.89324895506259,0.624002577208448,0.48972697586054,0.706548173238989,1,1,2,90.0952204432561
"1949",0.221416012678528,0.699590006598737,0.858239176443312,0.702661648469511,1,1,2,89.3938472479401
"1950",0.249764344800496,0.628750625960529,0.400947890445823,0.300143585352926,1,1,2,94.1138122787745
"1951",0.754142719228985,0.251280844400171,0.605481577698374,0.100495684546186,1,1,2,38.5055980841003
"1952",0.756567317142617,0.605072092814371,0.732164127803408,0.0167370051785838,1,1,2,79.2560838395767
"1953",0.889703638588544,0.914571412507212,0.470796764550032,0.433900071388343,1,1,2,143.407143387389
"1954",0.817369585128035,0.679152772184461,0.954271268694429,0.793262959663989,1,1,2,83.5952950108935
"1955",0.205389545500511,0.445215297621908,0.500321394368075,0.621701398362638,1,1,2,63.4948953347634
"1956",0.0611950533138588,0.731809191294014,0.0464057751733344,0.584542411260772,1,1,2,131.410018521199
"1957",0.288064260988031,0.0453708372788969,0.742240018477896,0.947721639573574,1,1,2,19.3084043703821
"1958",0.168791917320341,0.487652170559159,0.17355213964358,0.0243638902704697,1,1,2,79.5732245153755
"1959",0.0389777274557855,0.666287457633298,0.638324530504178,0.865454602693208,1,1,2,91.5585554089145
"1960",0.0813183026097249,0.217654165842105,0.263188164466992,0.355237798873568,1,1,2,40.4603210709625
"1961",0.434142292775214,0.925738943662727,0.153706721961498,0.822002729412634,1,1,2,167.188894654109
"1962",0.0782470346661285,0.290324303149246,0.862408663341776,0.192847961049993,1,1,2,38.7927057859551
"1963",0.244997486814391,0.116572649904992,0.9621090739395,0.457738251952687,1,1,2,22.8391450142562
"1964",0.850584888005396,0.948444193081232,0.293796280614333,0.350611429139972,1,1,2,161.778924858999
"1965",0.912307729702443,0.939953701202758,0.258425296067726,0.667132462958107,1,1,2,162.584191374269
"1966",0.606458048302447,0.511186453829287,0.168408619463444,0.378499662581598,1,1,2,83.6827325715976
"1967",0.509850979509065,0.855829330348643,0.992139428645605,0.670928770641331,1,1,2,109.007563044491
"1968",0.383738499018364,0.451781914490275,0.155094814597396,0.207208842738764,1,1,2,74.5946389191788
"1969",0.855804184277076,0.959507885682397,0.317120801109122,0.772064421096584,1,1,2,162.85106451899
"1970",0.185624816726195,0.52993355878978,0.491406257764902,0.239254377553007,1,1,2,75.5627629640869
"1971",0.883129740785807,0.846641373812454,0.969136002241867,0.373524029104738,1,1,2,108.288493064586
"1972",0.47217218020116,0.705400350154378,0.894753819847247,0.246172138459515,1,1,2,89.0319126304584
"1973",0.78449106676504,0.565547075138893,0.67969725260511,0.534559606432449,1,1,2,75.2466097178894
"1974",0.778589774688007,0.723418634958798,0.703831007782137,0.587435220031766,1,1,2,98.2364323635614
"1975",0.133914781481726,0.10771738265059,0.798177101066103,0.776836685147136,1,1,2,23.491099823404
"1976",0.489477719701827,0.226433779005893,0.253061069195392,0.224373348616064,1,1,2,41.632700366299
"1977",0.361898784479126,0.816383405779488,0.301088592947926,0.322404605560005,1,1,2,133.341375791671
"1978",0.378123440861236,0.390281788576394,0.451134906896623,0.930721641723067,1,1,2,57.4914052399033
"1979",0.836581007473869,0.193913301614812,0.927961243330501,0.491279312992701,1,1,2,29.2582870464592
"1980",0.615282663890393,0.0662705649691634,0.630920998231741,0.0713520887773484,1,1,2,21.6838074414929
"1981",0.0499796923145186,0.504395494657801,0.851916283986066,0.332960651239846,1,1,2,62.8293295865193
"1982",0.726481798428576,0.692881621618289,0.924428783096373,0.796792423625011,1,1,2,86.4185357515205
"1983",0.310131768190768,0.260253666944336,0.517273997205775,0.14625170859159,1,1,2,40.8105393338528
"1984",0.599744252742967,0.969995770847891,0.178067783748265,0.751273520597024,1,1,2,175.658175708318
"1985",0.659576012330363,0.414527036956279,0.306245529020671,0.043760843105847,1,1,2,64.3600655269065
"1986",0.427887049021665,0.186068423935212,0.149726287306985,0.521939354244387,1,1,2,38.9384742487215
"1987",0.0575851061719004,0.32393520575366,0.546540809248108,0.273467597379349,1,1,2,47.3776112321819
"1988",0.874250736436807,0.65422340750345,0.142991475444287,0.10875967649743,1,1,2,110.089560838637
"1989",0.681337468040874,0.594225669498555,0.332946868877625,0.0765849159832578,1,1,2,90.9650547396225
"1990",0.0340287068428006,0.745143957200926,0.777501981297974,0.167580075402511,1,1,2,98.9370740600697
"1991",0.909713945192052,0.617939452263527,0.755188568332233,0.847284979956457,1,1,2,80.5836256120931
"1992",0.713915133284172,0.864611505662324,0.773584290946601,0.280092344387667,1,1,2,118.943818957676
"1993",0.0669101218995638,0.344236284147482,0.241056083178846,0.219687890119385,1,1,2,56.4898904126605
"1994",0.939747934115585,0.407329542916268,0.668387840418145,0.964617238979554,1,1,2,54.859393734483
"1995",0.978704099877505,0.27214268330019,0.465081132851774,0.123484238944948,1,1,2,42.981504761608
"1996",0.947995824518148,0.901354106352665,0.895476893030573,0.0317503178783227,1,1,2,120.015389078906
"1997",0.0204874908505008,0.135939231050434,0.507301424876787,0.555266535358969,1,1,2,28.6980964421203
"1998",0.00805657949997112,0.71641719131032,0.832211905617733,0.447888064050348,1,1,2,92.7040953603363
"1999",0.957357956512133,0.0422202533169184,0.286000795688014,0.182237861820031,1,1,2,22.8815020218987
"2000",0.927287470865995,0.6616073753417,0.398753395962995,0.488052479685284,1,1,2,99.7916414861536
"2001",0.376687224601628,0.45751580532291,0.106677583629498,0.431218974420335,2,1,2,90.5846471598583
"2002",0.148917702423641,0.791966046738671,0.0109028093051165,0.996033216194482,2,1,2,172.561054679656
"2003",0.949364967435831,0.859889536758419,0.926172329550609,0.610278299797792,2,1,2,131.434015929352
"2004",0.582387381766457,0.909534826984163,0.767897659016307,0.951073445045622,2,1,2,149.31169073728
"2005",0.962471402595984,0.653050057372311,0.284949486088008,0.113003054846777,2,1,2,120.853772687839
"2006",0.0365401955286507,0.63819671050529,0.41184770185384,0.254053453534143,2,1,2,111.666319095088
"2007",0.420983785149874,0.205620118307415,0.807493061964633,0.171346566356951,2,1,2,36.9760851832892
"2008",0.652887702275766,0.831623312912416,0.844603669730714,0.63509398573311,2,1,2,129.65386238342
"2009",0.289193620556034,0.00581247656256892,0.265430676464457,0.730268234212417,2,1,2,23.5681302600581
"2010",0.139728837367147,0.959284508972196,0.553056154197548,0.350243304119213,2,1,2,173.080163288177
"2011",0.0317229138396215,0.934478970386554,0.37915467792307,0.737294319024077,2,1,2,179.667067030086
"2012",0.448817773056217,0.0285021977627184,0.663609467317583,0.0532597428176086,2,1,2,21.8760128061125
"2013",0.892953195305308,0.954276904623257,0.758176778272027,0.220905462258961,2,1,2,159.107311981161
"2014",0.763994838256622,0.89792637978564,0.785804024697281,0.755001929417485,2,1,2,145.873104362908
"2015",0.942052059654379,0.105067280202638,0.404726753403665,0.874132622911129,2,1,2,31.7656823055315
"2016",0.698733659635764,0.894839879075298,0.771765452591935,0.194513419979485,2,1,2,145.707938900346
"2017",0.716767033631913,0.723330593563151,0.505018008888001,0.166092800719198,2,1,2,124.099507577359
"2018",0.175058569944231,0.78605888901162,0.168397931222571,0.411908398093656,2,1,2,158.380838016729
"2019",0.67099234019639,0.688609199333005,0.100941728464095,0.109724327952135,2,1,2,139.551723803199
"2020",0.690297314218478,0.407466435943497,0.853130185445771,0.36376106971642,2,1,2,60.1384572493271
"2021",0.0722462331957649,0.497077837164979,0.625407543700421,0.079760279020993,2,1,2,78.7892966811569
"2022",0.702795515202452,0.224423196512507,0.204619371002773,0.830972558298381,2,1,2,49.6390178725172
"2023",0.299212346210843,0.168775571678998,0.528434645195957,0.654757427721051,2,1,2,36.8979175563592
"2024",0.466863515470177,0.814561218423769,0.846011702597607,0.20527417289908,2,1,2,126.145393123362
"2025",0.159632514896803,0.968375142149162,0.880315627779346,0.495826226833742,2,1,2,155.514528150449
"2026",0.91263132949709,0.0530853288818616,0.653556838544318,0.00544707052409649,2,1,2,24.0453815189557
"2027",0.0293214486329816,0.075128506787587,0.830332402379718,0.152716631597141,2,1,2,24.3796144185059
"2028",0.512594909770414,0.844814704952296,0.133833333636867,0.144347588904202,2,1,2,175.65722623219
"2029",0.0584285167558119,0.996466377663892,0.620807781908661,0.640294321140973,2,1,2,177.469298256722
"2030",0.496377988219028,0.318949781382689,0.878312226473354,0.120870910825906,2,1,2,48.5534439582947
"2031",0.735612863218412,0.778437026285101,0.342281771452399,0.92053616868332,2,1,2,145.147814795613
"2032",0.169756782102631,0.673977721768897,0.373402263425523,0.0422338390548248,2,1,2,120.57631460378
"2033",0.386865179369925,0.649277052283287,0.188961833360372,0.957289589205757,2,1,2,125.586248951446
"2034",0.269625382269733,0.664291835399345,0.00366516061360016,0.699089569259668,2,1,2,140.674764749125
"2035",0.370001307951752,0.155836230221903,0.459577956888825,0.0564662256941665,2,1,2,36.4553859067696
"2036",0.798029453393538,0.103880613645306,0.595762812595349,0.421986431009136,2,1,2,29.3072014006857
"2037",0.442038867888041,0.994204044697108,0.976299013795797,0.986996319181053,2,1,2,156.027930255017
"2038",0.144992704563774,0.53611415601219,0.0879873723979108,0.81591386088985,2,1,2,107.036166096215
"2039",0.125571980669629,0.454962873625336,0.428332832179731,0.624483572249301,2,1,2,78.2287097423502
"2040",0.0863758135517128,0.939765020910418,0.148357192738913,0.503155221254565,2,1,2,200.147393850369
"2041",0.789583538825391,0.57496781846974,0.190552672002232,0.0266534644924104,2,1,2,109.578103167488
"2042",0.772676784204086,0.725333059395198,0.0616517418134026,0.332222253683722,2,1,2,151.211083112247
"2043",0.338527064982336,0.432204812858254,0.290763457199791,0.604170402801828,2,1,2,79.016024405835
"2044",0.492189910942689,0.490502741198288,0.31516245261766,0.46700826837332,2,1,2,88.2202266981187
"2045",0.26457004415337,0.0997878211608622,0.985544483746635,0.77204522513086,2,1,2,25.1455479094039
"2046",0.479400664615678,0.7988793585659,0.96149878735072,0.370374958618777,2,1,2,118.451180101648
"2047",0.991735484800301,0.248128017398994,0.237077554443385,0.415802849222673,2,1,2,52.1467659623951
"2048",0.228477330687456,0.819494036948308,0.244573666165816,0.538760752511444,2,1,2,161.122237853974
"2049",0.0117940732243005,0.596844064234756,0.797007784722373,0.244978789008455,2,1,2,89.498475370851
"2050",0.411742068768945,0.765903930547647,0.154804829354398,0.683728168550879,2,1,2,154.57127872375
"2051",0.560854325141991,0.0604885819798801,0.573761322242208,0.19695443302975,2,1,2,25.4619869925873
"2052",0.791586730686249,0.401893664537929,0.0479340891132597,0.3046260048158,2,1,2,82.6719895885418
"2053",0.837352725942619,0.219953914333601,0.0546230132214259,0.524232092595194,2,1,2,52.5870577928618
"2054",0.203475512719015,0.659858106990578,0.859496043075342,0.79817313322681,2,1,2,97.9700141412357
"2055",0.732548279585317,0.697480998794781,0.0332892487908248,0.458609730956377,2,1,2,146.518041622887
"2056",0.982744367645355,0.393225544622401,0.383474408452166,0.562319559024181,2,1,2,69.7416752649953
"2057",0.404984358041547,0.527434431901202,0.395577066788683,0.567522043336648,2,1,2,91.7426249218872
"2058",0.550512067022501,0.481384062106954,0.435043774367077,0.211507552930852,2,1,2,82.3117497229836
"2059",0.110463281432167,0.131735094474861,0.271908549939981,0.316024272934301,2,1,2,36.6307129802856
"2060",0.975742691138294,0.668784476593137,0.703238976118155,0.700284944362938,2,1,2,105.194693528352
"2061",0.0647865347017068,0.372800015439279,0.713126795417629,0.82336112985271,2,1,2,58.5364516873912
"2062",0.329260694910772,0.948365343388868,0.92271594588994,0.450498306906084,2,1,2,149.120138892146
"2063",0.605365341545548,0.3390113227861,0.730206980959047,0.99106238666689,2,1,2,53.7679434182684
"2064",0.0793142533814535,0.619778322747443,0.17428152329172,0.937651947925333,2,1,2,120.04027837564
"2065",0.818560653474415,0.11838935113512,0.129238006642554,0.0829302744474262,2,1,2,37.438642674872
"2066",0.0655981953872833,0.589296932398574,0.5306632302457,0.551065444648266,2,1,2,97.5980765244176
"2067",0.233890743408119,0.212384001294849,0.115425661829067,0.48521794892964,2,1,2,50.0096323427649
"2068",0.778491392573342,0.824315118569648,0.181315111846197,0.860329700958682,2,1,2,167.124076631593
"2069",0.407953796221409,0.251694908455247,0.580489586959593,0.531898127110908,2,1,2,45.6565200783154
"2070",0.631626351980958,0.445142577391816,0.891607403811067,0.845246196214575,2,1,2,64.3965791961356
"2071",0.612892403488513,0.389494616683805,0.0566436960268766,0.64627293636906,2,1,2,80.1315232774702
"2072",0.845621111583896,0.26581160684349,0.579898680757033,0.880589192186017,2,1,2,47.4094125772253
"2073",0.106705484577687,0.395809880408924,0.48772424447583,0.679790012807353,2,1,2,67.2223548654274
"2074",0.505911454941379,0.782070766520919,0.81795912612346,0.492738183855545,2,1,2,121.309998132501
"2075",0.221295762647642,0.281794722841587,0.320736996884225,0.160042003052076,2,1,2,54.8651995340074
"2076",0.925250975703821,0.324832232550252,0.444750057364581,0.0674210329307243,2,1,2,57.9554458982372
"2077",0.331537490764167,0.718297502204077,0.0250114337238483,0.547330919466913,2,1,2,152.289101060394
"2078",0.866952997065382,0.444904391161399,0.0355027419608086,0.627956527897622,2,1,2,91.3299366843584
"2079",0.211670683831908,0.677673768149689,0.812721125464886,0.0180152246134821,2,1,2,102.465453355937
"2080",0.875072747113882,0.640556452465244,0.724282532392535,0.00114865705254488,2,1,2,99.2350889558835
"2081",0.751889948643511,0.460033244844526,0.252209440415027,0.715164721494075,2,1,2,85.2359705788601
"2082",0.886227321304614,0.976067467508838,0.158615280118538,0.0354036086029373,2,1,2,208.742607123499
"2083",0.0461396679957397,0.160048496664967,0.679507558477344,0.858391640664777,2,1,2,33.9222886595368
"2084",0.642672481301706,0.845844128290191,0.260553435645998,0.542117882933235,2,1,2,166.411619344499
"2085",0.956674743216718,0.747425881405361,0.346582532553002,0.0140781267394777,2,1,2,137.565006222677
"2086",0.301161396048265,0.171388349812478,0.471845246165758,0.260931292005116,2,1,2,38.02292267985
"2087",0.396808970094426,0.900097977906698,0.743181575016351,0.474902158298064,2,1,2,148.477509063986
"2088",0.854447856425541,0.754354604224209,0.208814184119692,0.308680974801537,2,1,2,147.910100384484
"2089",0.43231265244307,0.196605694056489,0.643194575983798,0.400779650859768,2,1,2,38.2848959452707
"2090",0.391309594757622,0.0118840179906692,0.223590845975559,0.722757400948321,2,1,2,24.5905766050488
"2091",0.321340924585238,0.258804053242784,0.98349055372877,0.275071573748719,2,1,2,40.2375323202478
"2092",0.518379987424705,0.51168315325398,0.367223795796745,0.596030529185664,2,1,2,90.0258870909264
"2093",0.784508946943097,0.917896441289922,0.0966640570189338,0.2030127495341,2,1,2,198.614616869242
"2094",0.246124245761894,0.962134564297739,0.503366437643999,0.236297578739468,2,1,2,177.085219904073
"2095",0.623582336378749,0.864235923973611,0.672985446526436,0.898420378699666,2,1,2,144.835744995795
"2096",0.712510839105817,0.594429818871431,0.997507427141536,0.231427852505585,2,1,2,83.1642638904253
"2097",0.74605535016628,0.302539195027202,0.386329592848197,0.328915132924449,2,1,2,56.2396540183587
"2098",0.521036308493931,0.542216059836792,0.668900880650617,0.86519877545652,2,1,2,84.7906785157904
"2099",0.150953424824402,0.421827199122636,0.0794418724509887,0.633499255181523,2,1,2,85.1043980001094
"2100",0.369752574064769,0.557094952445477,0.175392551260302,0.217687996313907,2,1,2,106.793564637531
"2101",0.812376932493644,0.194540140010649,0.420830447750632,0.688138822145993,2,1,2,41.5591543254665
"2102",0.706509088734165,0.0879607629566453,0.688074514602777,0.519860876563471,2,1,2,26.8325378939672
"2103",0.254549585797358,0.605888122088509,0.446859715859173,0.766112659837818,2,1,2,104.057763064599
"2104",0.347880236061756,0.0585442723531742,0.656405226658098,0.929050486779306,2,1,2,24.5099642982868
"2105",0.0920934196421877,0.0490814263909124,0.493430044013076,0.225116184195504,2,1,2,25.2241823909766
"2106",0.829057033248246,0.0745842723979149,0.592309755403548,0.245623888541013,2,1,2,26.5671597507712
"2107",0.57237411398557,0.233216978491982,0.939819918482099,0.972009467992466,2,1,2,38.1513096404708
"2108",0.565629801715259,0.567379995557712,0.543014389652526,0.570545814149082,2,1,2,93.2716475151666
"2109",0.218857747622533,0.61290284511284,0.89530111546861,0.811844823828433,2,1,2,89.1067747364392
"2110",0.457257167238276,0.293678015627665,0.727641420040745,0.0999134212487843,2,1,2,48.1208259972398
"2111",0.483041974743828,0.92683159591048,0.775752265446354,0.902704450649908,2,1,2,152.538851712469
"2112",0.66770032698405,0.241909318175167,0.304974882148672,0.837969947650563,2,1,2,49.7977787088705
"2113",0.726507593051065,0.552215308528394,0.390013970751315,0.932404946364695,2,1,2,96.4860105664016
"2114",0.594228907981887,0.91029685458634,0.606032512369566,0.478478762103478,2,1,2,158.523852635773
"2115",0.534862674818141,0.228226175764576,0.299827865402913,0.962064756266773,2,1,2,48.0918239086926
"2116",0.42917534125736,0.602989531524945,0.229568032132229,0.944590472010896,2,1,2,113.600950156865
"2117",0.344096638516057,0.298102815055754,0.355269561191089,0.619557265507756,2,1,2,56.3738136783192
"2118",0.0221362468902953,0.633979139934527,0.754928397706244,0.33564075094997,2,1,2,97.1165857194046
"2119",0.450360770864645,0.235455915414495,0.745973485937575,0.187612526052399,2,1,2,41.0625174914468
"2120",0.664044850192731,0.507541692816885,0.477103055686457,0.528724936073413,2,1,2,85.3334326382378
"2121",0.17132564309868,0.702383859698893,0.946060011122609,0.0320659612654708,2,1,2,101.986089882644
"2122",0.199851426609093,0.878995392441284,0.889442239770433,0.729839555101935,2,1,2,136.885725494192
"2123",0.131482515640091,0.271883485071594,0.523560572167626,0.137729044224834,2,1,2,49.1953562043502
"2124",0.823773008828284,0.143972545306897,0.461103243533289,0.557120494421106,2,1,2,35.1472812383084
"2125",0.950040793740191,0.772733275968349,0.160433763603214,0.591284263056004,2,1,2,155.791550141202
"2126",0.862145661815302,0.706114189658547,0.0837047855230048,0.0914549519401044,2,1,2,144.834267820011
"2127",0.25712726461119,0.3108696115762,0.956461989929667,0.440863299689954,2,1,2,46.3667607786604
"2128",0.0166985813318752,0.42657277502818,0.288121038604295,0.282951619238593,2,1,2,78.1106594919067
"2129",0.627715172705939,0.200268379085464,0.638296093920944,0.367825816378463,2,1,2,38.7584093207382
"2130",0.93933287639753,0.578342897297116,0.707803360673133,0.506068222851027,2,1,2,89.4059505648564
"2131",0.277425393542508,0.736502236535307,0.739692495499039,0.825150062077446,2,1,2,116.160150664366
"2132",0.191474678857485,0.0930175380164292,0.690137663144851,0.312039016339695,2,1,2,27.270752281975
"2133",0.904139969891403,0.881085505376104,0.619526498515625,0.583136837210041,2,1,2,151.324682986931
"2134",0.619331329467241,0.546220810048981,0.760770951290615,0.60897028270876,2,1,2,82.5771016804115
"2135",0.596298638911685,0.332938703843392,0.135605849833228,0.841326064106543,2,1,2,67.7096947624681
"2136",0.600341712511145,0.886149071584223,0.196820580142085,0.788669130111812,2,1,2,181.698848126876
"2137",0.23517994313268,0.515366689224029,0.408143266109983,0.175040013151011,2,1,2,89.0612248002317
"2138",0.293640843656613,0.378031926820986,0.90272281009471,0.348705060505308,2,1,2,55.3473398601496
"2139",0.0417626602214295,0.479764627856202,0.0706416565645486,0.25973040192388,2,1,2,96.4317763438467
"2140",0.0816593798913527,0.438078530736966,0.0931510784081183,0.288129866073141,2,1,2,87.487339232662
"2141",0.872229989463231,0.97446795766009,0.568478367233183,0.184174169467296,2,1,2,175.486108745659
"2142",0.806998234019848,0.016908438813407,0.23209630654892,0.893710701600648,2,1,2,24.9816140634734
"2143",0.384290999703808,0.352171126860194,0.647343628812814,0.655840202986728,2,1,2,57.1815940269595
"2144",0.35370504236198,0.866666506634792,0.950986778788501,0.292283488506218,2,1,2,131.510448079391
"2145",0.973516972544603,0.361397481088061,0.868247690777062,0.396140395986149,2,1,2,53.9167287353397
"2146",0.757591387463035,0.367573587871157,0.210409441557713,0.393519189551007,2,1,2,70.9219826615593
"2147",0.503700514333323,0.988996962514939,0.419429798262427,0.405134328794666,2,1,2,190.081828852426
"2148",0.272765615604585,0.146183779940475,0.511763053943869,0.808494642735459,2,1,2,34.6815307596816
"2149",0.418568857577629,0.021676622669911,0.0221770618238952,0.982647655250039,2,1,2,28.0842479280533
"2150",0.121066722730175,0.0802802135446109,0.794904946984025,0.746810362103861,2,1,2,25.1415152957901
"2151",0.470724561522948,0.470886930677807,0.907549325788859,0.463877205792814,2,1,2,67.542283602171
"2152",0.743850788513664,0.126035461749416,0.338703381670639,0.376101459707133,2,1,2,34.9498390332575
"2153",0.934617150387494,0.467937271670671,0.312008619605331,0.132189722982002,2,1,2,84.3059902028581
"2154",0.541484990911558,0.760843762203585,0.325362800736912,0.578555672753137,2,1,2,142.108959242346
"2155",0.646215671990067,0.683255030708387,0.361414647261845,0.11629073810298,2,1,2,123.138688610394
"2156",0.986609672567574,0.188881536530098,0.614573906683363,0.976932977316901,2,1,2,37.8663986438998
"2157",0.579848783330526,0.112291848539608,0.111037936776411,0.0496734358882532,2,1,2,37.0192207491736
"2158",0.844198578676442,0.120300489246147,0.563777475550305,0.916516862803837,2,1,2,31.3153162722731
"2159",0.0097406984877307,0.807974745942047,0.684295307303546,0.660561607867712,2,1,2,132.553690724422
"2160",0.461323893665103,0.0682618687185459,0.535335081797093,0.668503059777431,2,1,2,26.5769923584132
"2161",0.884619524109876,0.802484473166987,0.695495369908167,0.908510387768038,2,1,2,130.968125436552
"2162",0.311993651961675,0.56284857804887,0.944157680206699,0.344985842346214,2,1,2,79.8851749867995
"2163",0.0515531191893388,0.503976804757258,0.870645919974195,0.295709915631451,2,1,2,73.1165805389324
"2164",0.485588015075773,0.0308395314670634,0.63024523655884,0.356383938499494,2,1,2,22.354573450828
"2165",0.162058998136781,0.286000995247159,0.12356785948039,0.103364425045438,2,1,2,60.5825821394574
"2166",0.241574328530114,0.412497168733971,0.971425854510162,0.877925256172894,2,1,2,58.4241440464584
"2167",0.915090752695687,0.944785812445916,0.839359743514797,0.76382386522484,2,1,2,152.852228052856
"2168",0.435208717555506,0.38274466242874,0.969810947617516,0.439173318968387,2,1,2,54.6875911594193
"2169",0.830663164908765,0.344432009744924,0.545195891326293,0.510431028060848,2,1,2,58.3887182602604
"2170",0.538094923447352,0.418756933916593,0.917136582351523,0.80114356545615,2,1,2,60.3232475500569
"2171",0.284003009749576,0.153758096686797,0.498040149967419,0.0632773173379246,2,1,2,35.6687588420191
"2172",0.208637420486193,0.329111888331827,0.249004708477296,0.147216900826897,2,1,2,63.6491352147172
"2173",0.68731813565013,0.853622180609964,0.0423149392229971,0.428112227380043,2,1,2,186.123043018853
"2174",0.558585471516708,0.759262204129482,0.065930576903047,0.024883185334038,2,1,2,159.075734410373
"2175",0.186378852500347,0.137257917458192,0.602653581833001,0.0866228012507781,2,1,2,32.5348379769822
"2176",0.855156190830749,0.626509095529327,0.468289629090577,0.706366197459865,2,1,2,107.017358578469
"2177",0.72081909643719,0.179756149995374,0.144020401873859,0.79052158067585,2,1,2,44.9465039581513
"2178",0.65687535494566,0.73393732509925,0.480434784273384,0.481583335312316,2,1,2,127.627764487402
"2179",0.0986906418181024,0.306449465451296,0.828374078874476,0.913138320995495,2,1,2,47.9565073414
"2180",0.358317199458834,0.277695812736638,0.276134351653745,0.750396065600216,2,1,2,55.3975396498509
"2181",0.920860691830749,0.262280316924443,0.308002628477989,0.74359872825793,2,1,2,52.492681323564
"2182",0.998495739659993,0.349763375379844,0.218663561749272,0.854456211611396,2,1,2,67.8355472062385
"2183",0.766282427593833,0.036294436409371,0.588268410323653,0.129274692359613,2,1,2,23.1816348354057
"2184",0.804494243795052,0.530360981642734,0.861349347486394,0.0738639453158248,2,1,2,77.2054135777596
"2185",0.678463954301551,0.182746196562657,0.991814097620081,0.948901476258179,2,1,2,32.509698502191
"2186",0.681667838389985,0.0448678643407766,0.780450978056761,0.389088558467338,2,1,2,22.27997708406
"2187",0.587555360118859,0.711766248458298,0.451477351775393,0.323301381062483,2,1,2,124.491164134565
"2188",0.316391069409437,0.580640440414427,0.804238098143833,0.782218886608025,2,1,2,86.7454140588433
"2189",0.18481310961768,0.356499159069499,0.01661303582252,0.44922243723413,2,1,2,75.7583753773791
"2190",0.965384803302586,0.524898252334679,0.516818147001322,0.587248975952389,2,1,2,86.9100623936381
"2191",0.115052371275378,0.744285366651602,0.932127904924564,0.777663075500168,2,1,2,109.919167095518
"2192",0.102442352700746,0.98407497007167,0.555792320256587,0.694734322387958,2,1,2,179.001805758825
"2193",0.00342227328801528,0.487921586105367,0.434973056985764,0.967312485227594,2,1,2,83.5169105974894
"2194",0.307417955218116,0.873608493808424,0.0052407788427081,0.383065241364529,2,1,2,195.103033909016
"2195",0.909066986805992,0.623024429946672,0.717180644238833,0.271786986368243,2,1,2,96.5582518915433
"2196",0.639534426159225,0.835560657839524,0.82417122490122,0.155314141747076,2,1,2,131.161874812097
"2197",0.525380365754245,0.923455061607528,0.333801451090258,0.714114228883991,2,1,2,180.337940791274
"2198",0.54993967531831,0.826066646347754,0.91233843496535,0.887664484978886,2,1,2,125.661218185653
"2199",0.361931838877499,0.693823245356325,0.350363296197029,0.266747765041655,2,1,2,125.996716685726
"2200",0.8956287464872,0.00311325206886977,0.259530618779827,0.671477903063642,2,1,2,23.3776953090035
"2201",0.828880946416175,0.738934963173233,0.579555813877378,0.642861710218713,3,1,2,141.98845134078
"2202",0.302654597793007,0.433636967635248,0.0984475564374588,0.580897827891167,3,1,2,99.2173363300476
"2203",0.197170656550443,0.266589436084032,0.264186022618087,0.445422477598768,3,1,2,62.0500017011796
"2204",0.437058649095707,0.772803229052806,0.628672224648762,0.0490628382889554,3,1,2,146.749737426732
"2205",0.0490046389971394,0.342068128524115,0.753385360755492,0.289594151278725,3,1,2,61.5574751923578
"2206",0.627212699720403,0.0821916436089668,0.777526996060042,0.470571008153493,3,1,2,29.2062245890651
"2207",0.955581990343053,0.0527663888502866,0.969977833557641,0.367373376487521,3,1,2,24.6248463183809
"2208",0.94364563059411,0.0970440177002456,0.480387373514241,0.759214356176089,3,1,2,34.3949679203955
"2209",0.51316584795597,0.435389401108259,0.324414852377959,0.390487949134549,3,1,2,89.904558670988
"2210",0.269426837250357,0.682729140351294,0.12756344694877,0.124967021837365,3,1,2,156.543646321592
"2211",0.344068235328887,0.231985699944198,0.298222295712912,0.876216117525473,3,1,2,55.7699652238859
"2212",0.123686965745874,0.661523514634464,0.407144934779499,0.967853386853822,3,1,2,133.840411764887
"2213",0.460487203209195,0.532229118638206,0.175192862696713,0.2553978165437,3,1,2,116.850517712353
"2214",0.670060938644456,0.848455398954684,0.22576870329096,0.860028557498008,3,1,2,194.771552633785
"2215",0.0434914119448513,0.489692691866076,0.0527166181174107,0.764877531089587,3,1,2,113.961675427787
"2216",0.215124810882844,0.643690810364205,0.00399806012748741,0.532710507777519,3,1,2,155.634669125831
"2217",0.901430129653308,0.756089177540271,0.73198539097677,0.433960995489033,3,1,2,137.75344698948
"2218",0.2566684600804,0.105626116790809,0.937574065142544,0.382399117529858,3,1,2,29.8805984613672
"2219",0.85569272881723,0.337429995397106,0.173824629866285,0.805990969156846,3,1,2,77.1250224310705
"2220",0.777552938216832,0.622896256345557,0.987967855692841,0.668560756786028,3,1,2,100.811159929994
"2221",0.567068451205268,0.608081904737046,0.674913402423263,0.0502173677308019,3,1,2,109.461347712963
"2222",0.614404530697502,0.308146585599752,0.0567603777372278,0.568991316833999,3,1,2,75.8939663678736
"2223",0.994104033061303,0.0172206662269309,0.800518291726476,0.664818982725265,3,1,2,22.8686970072824
"2224",0.97723915833747,0.378743629489327,0.958651407788275,0.160178562988294,3,1,2,62.3709394040385
"2225",0.312081485626986,0.180271371327108,0.3928390469437,0.349173960059416,3,1,2,46.25483790999
"2226",0.136207261109957,0.0713181122287642,0.308504403164843,0.702110633975826,3,1,2,33.8390534474587
"2227",0.782141029724153,0.147814755337313,0.371277893417282,0.311021029942203,3,1,2,42.3317581849967
"2228",0.158096222276799,0.0927013081475161,0.890841926366556,0.0615427755028941,3,1,2,29.0743513106738
"2229",0.383481025748188,0.800995732990559,0.931211675803643,0.58857964580413,3,1,2,137.790043723447
"2230",0.083090271030087,0.616720848431578,0.224913061111001,0.858230467041722,3,1,2,133.821526399086
"2231",0.525000921202591,0.222237784224562,0.354894052486634,0.386765733418288,3,1,2,52.9682325637523
"2232",0.202643607076025,0.298359797939192,0.693170793959871,0.179925674017286,3,1,2,56.5701195397606
"2233",0.459386366339168,0.626541549131507,0.870715211856877,0.125886003735941,3,1,2,105.467969395904
"2234",0.61645709873992,0.0219570134684909,0.864776157978922,0.151019280494656,3,1,2,22.7609270555274
"2235",0.355381514258916,0.493618314110208,0.7468914195057,0.188072440528777,3,1,2,85.8212653485803
"2236",0.253030693411129,0.9800976206013,0.708283314781729,0.33211217515287,3,1,2,192.556873857081
"2237",0.113092417649459,0.956534277077299,0.667403075644979,0.843518605369609,3,1,2,189.647591438111
"2238",0.0884206215257291,0.963407507775119,0.795353828914231,0.405270992744481,3,1,2,182.484916296193
"2239",0.582177242798498,0.495376903695287,0.282211729775881,0.183541173716076,3,1,2,103.588586707975
"2240",0.895193866338814,0.805930353015428,0.0223786293494049,0.915317211549263,3,1,2,201.043024159924
"2241",0.503289184626192,0.780336078823311,0.348121558574494,0.995055049662478,3,1,2,166.595489332354
"2242",0.392437486371491,0.385532229698729,0.828357703308575,0.595287698081229,3,1,2,66.2887841887243
"2243",0.485159409494372,0.391484156730585,0.477110739784548,0.659179702985566,3,1,2,76.6912720275937
"2244",0.453171567844693,0.583738136530155,0.522196039388655,0.0827393380145077,3,1,2,111.048566123126
"2245",0.643494734724518,0.990944377349224,0.0778543576865923,0.131428189565195,3,1,2,253.831481472535
"2246",0.0580037666670978,0.442281796757597,0.991698414880084,0.564003173169913,3,1,2,70.9478682958651
"2247",0.812191556897014,0.0379103297193069,0.98352037129458,0.570188512959285,3,1,2,23.2166091468753
"2248",0.00675427601323463,0.250335931999143,0.662591488453327,0.280543934053276,3,1,2,50.5613299238348
"2249",0.189177417287137,0.911688070966629,0.645384085646365,0.964290332123637,3,1,2,179.717623797806
"2250",0.0513231459842063,0.283187667143065,0.46304154550191,0.88965028255363,3,1,2,59.5680530133925
"2251",0.892434289869852,0.312573351473548,0.858912978938315,0.95731122889556,3,1,2,55.2523987076305
"2252",0.444340390752768,0.865977539586602,0.907567839544499,0.529292645390378,3,1,2,153.047901031235
"2253",0.7334931393445,0.638320332181174,0.500055197128095,0.306287245713174,3,1,2,123.635038663229
"2254",0.880669220167911,0.718144730700878,0.581747896682937,0.697477597880643,3,1,2,137.179251352661
"2255",0.236171605169075,0.916654753444018,0.609991938396124,0.46629804366501,3,1,2,183.186461697908
"2256",0.96674265085021,0.604344100381713,0.397488477944862,0.908526656888425,3,1,2,121.498434713849
"2257",0.906070485746022,0.842315038455417,0.586032746768324,0.508029013340129,3,1,2,166.09044273609
"2258",0.0258511086762883,0.835441814905498,0.488150501914788,0.624203516442794,3,1,2,170.891415881732
"2259",0.0964274070505053,0.27985717921285,0.259155527928378,0.707120135534788,3,1,2,64.3739660904735
"2260",0.433997068013996,0.0294278217246756,0.658852852885611,0.436578909752425,3,1,2,25.2329384404472
"2261",0.0649295028019696,0.670401313762413,0.41041392975254,0.171488704319345,3,1,2,135.445632404404
"2262",0.293028513478348,0.536646126548294,0.294502811159473,0.0147588402417023,3,1,2,111.65478907433
"2263",0.168498397859512,0.260516018301714,0.466100640671793,0.463753294375492,3,1,2,56.0828651853634
"2264",0.787755026144441,0.943381003467366,0.0611579612945206,0.375839582892368,3,1,2,240.280709647997
"2265",0.690020422100788,0.291861274358816,0.805558111415012,0.524845508254366,3,1,2,53.4531930747762
"2266",0.19085393041838,0.930826909277821,0.219324386428343,0.397894119503908,3,1,2,219.458590925812
"2267",0.59916248643538,0.426073253187351,0.514245769602712,0.97943816205021,3,1,2,81.5535816214003
"2268",0.0365790323913097,0.360822584676789,0.529706848240457,0.105093193571083,3,1,2,69.9712652407403
"2269",0.40805500582559,0.248979618244339,0.976638016904471,0.937264782590792,3,1,2,45.096526775362
"2270",0.103194162601139,0.824547336258693,0.942389640499605,0.351113054227317,3,1,2,142.175128376768
"2271",0.339438895959174,0.561769343557535,0.682951846075011,0.79413269196637,3,1,2,100.398159657225
"2272",0.467533714042511,0.102709669672186,0.699811454842566,0.266894976634067,3,1,2,32.1939890209632
"2273",0.834091306888731,0.3261249548872,0.387764498511096,0.68488525582361,3,1,2,68.3397366580728
"2274",0.273628117240733,0.952630506366258,0.423712972518988,0.672818722960074,3,1,2,207.4082014883
"2275",0.534982558122138,0.791680439338088,0.417122384114191,0.797185446489602,3,1,2,164.665259782458
"2276",0.757098705099197,0.321495254641632,0.134244049990084,0.337307744376594,3,1,2,75.5490291267705
"2277",0.40384985673707,0.754117408198072,0.110296190690715,0.559638304711552,3,1,2,177.621811349942
"2278",0.649358283822658,0.513935649233172,0.331511666565202,0.242662169241812,3,1,2,105.226721640465
"2279",0.243551134570735,0.060989615500439,0.187121483966475,0.828622394426493,3,1,2,34.438895715838
"2280",0.710489263408817,0.587412088614656,0.790672262577573,0.766086208346533,3,1,2,101.236166390857
"2281",0.0703818754118402,0.412987294992199,0.248709651910467,0.358959746378241,3,1,2,88.5309648271188
"2282",0.998902645562775,0.140261912775459,0.201131497393362,0.412815404606517,3,1,2,44.5477049749055
"2283",0.279970221202821,0.90384622823447,0.836210194190498,0.784206234304002,3,1,2,165.763789981905
"2284",0.79992023794679,0.65802908343263,0.612589433417888,0.157094306368381,3,1,2,122.390680258722
"2285",0.871123319759499,0.676140088400571,0.401373597318307,0.63050257382798,3,1,2,137.464401898132
"2286",0.0012840323348064,0.592519847324584,0.843812942550285,0.0734127911808901,3,1,2,100.134972778745
"2287",0.585007766544586,0.696580522968434,0.30315865166951,0.233054863199359,3,1,2,148.132549317669
"2288",0.183726137556368,0.831351650696015,0.275459527939092,0.8972069548734,3,1,2,185.770897843688
"2289",0.23032563597546,0.566111565950559,0.704309322623303,0.940503111908911,3,1,2,100.44007609141
"2290",0.605868536579655,0.117159906507004,0.429920753556071,0.89084488111781,3,1,2,37.5143428177142
"2291",0.824777756606927,0.59718773242319,0.439019892961951,0.480540854212595,3,1,2,117.80815189363
"2292",0.0150852052145638,0.74668800054118,0.889612155770883,0.0319584724237211,3,1,2,128.163213904976
"2293",0.321826133474242,0.370461995942751,0.338171237559291,0.601982002777513,3,1,2,77.4537930028885
"2294",0.0224612035695463,0.61215242036269,0.517231327672489,0.541615146006225,3,1,2,117.300543311078
"2295",0.66216440297896,0.133245256692171,0.156989802157041,0.690990131207509,3,1,2,44.4787741317279
"2296",0.947291845288128,0.578340728853364,0.367183863084065,0.912480635001557,3,1,2,117.338805000064
"2297",0.329735606907634,0.401142753680469,0.443524240535917,0.452522144734394,3,1,2,79.4098906465652
"2298",0.560309022100409,0.779253722666763,0.0474971834663302,0.194072150556603,3,1,2,190.133096620692
"2299",0.709442477012053,0.451564160195412,0.209694784531603,0.675964955517557,3,1,2,97.8949881832636
"2300",0.142254924761364,0.813218206802849,0.542021891815821,0.614847442508908,3,1,2,161.784982227939
"2301",0.369019976081327,0.732290420979261,0.565434003700502,0.261480919803726,3,1,2,141.098004622159
"2302",0.771311841207789,0.128595043841051,0.637246343863662,0.513819688378135,3,1,2,35.8518990409558
"2303",0.686769291392993,0.573705823784694,0.327895238075871,0.324876257134601,3,1,2,118.156992200548
"2304",0.846364068419207,0.175194217200624,0.0355838944402058,0.327160124642542,3,1,2,53.548315299255
"2305",0.263930943852756,0.909066008077934,0.0807123620982748,0.550647410873789,3,1,2,227.098027920339
"2306",0.650462403072743,0.986669056498213,0.604879351411946,0.618908986459719,3,1,2,202.133577842247
"2307",0.680451117096236,0.19116730597103,0.533582338031847,0.0200945317733567,3,1,2,45.0779626343423
"2308",0.885152473318158,0.0347848886507563,0.169403125914978,0.718177449111827,3,1,2,31.5530418463817
"2309",0.0905608608073089,0.235551625897642,0.535967464717105,0.202221313910559,3,1,2,51.0079097268056
"2310",0.376709592969855,0.763377137302887,0.00659738690941595,0.869898122694576,3,1,2,189.663083744547
"2311",0.418690727206413,0.884971614115639,0.852402092488483,0.246876204912551,3,1,2,160.194897202002
"2312",0.548773153421935,0.557069553685142,0.23341612617136,0.0362863608275074,3,1,2,119.245903350917
"2313",0.0105622203764506,0.850922955832211,0.72383743525832,0.441964719672687,3,1,2,159.716429919138
"2314",0.0304701196250971,0.631645732617471,0.342151785870083,0.149567121312721,3,1,2,130.326226429676
"2315",0.285698325361591,0.469528478760039,0.244389033889165,0.590976665015332,3,1,2,100.036006105601
"2316",0.410915828985162,0.482093059308827,0.834336197675439,0.36183644665638,3,1,2,81.297693053773
"2317",0.149476360686822,0.151017443730962,0.496461103329202,0.779091097235214,3,1,2,40.6250174893322
"2318",0.926024032753194,0.855150598350447,0.945196269588778,0.294951934898272,3,1,2,148.622326237173
"2319",0.989678658907069,0.35455955004436,0.102557923347922,0.84607148021576,3,1,2,83.0254884890395
"2320",0.793300412765238,0.920312256377656,0.643360211574473,0.538519111257046,3,1,2,181.859604200401
"2321",0.152235962448176,0.457212858131388,0.381580371757736,0.403200954095228,3,1,2,91.8856899488542
"2322",0.507100666840561,0.825880388459191,0.271686813952401,0.00941428844351321,3,1,2,183.945284529817
"2323",0.284186929728603,0.528252579913242,0.961117979319533,0.455552948705154,3,1,2,85.3077738522974
"2324",0.592327166247414,0.518675556898816,0.315841843613889,0.504556758407271,3,1,2,106.9903834518
"2325",0.808078540958231,0.872366728810594,0.652003700779751,0.754208211990772,3,1,2,169.386785736623
"2326",0.178503897289047,0.728587551844539,0.559485811355989,0.517367846673587,3,1,2,140.684656154702
"2327",0.13318101433455,0.288081901405239,0.710748543194495,0.837034743672702,3,1,2,54.8082757942506
"2328",0.558305799779482,0.741420610097703,0.446080627563642,0.854555984827457,3,1,2,150.368241434346
"2329",0.921817107796669,0.648649355703965,0.191369988002116,0.725119292639429,3,1,2,143.67988512778
"2330",0.247024111448554,0.1375587967725,0.877231285845628,0.80191260522115,3,1,2,33.8133058288014
"2331",0.373352922337363,0.0784634882106911,0.764980171225034,0.254975149898091,3,1,2,28.9601022633909
"2332",0.850966314501129,0.817226991021307,0.433222206502687,0.0777917232841719,3,1,2,169.668372514636
"2333",0.345094590937952,0.159194211146096,0.818392757308902,0.0420168099389411,3,1,2,36.8749821345497
"2334",0.835207136466634,0.197824769438012,0.509305444468046,0.749140015594894,3,1,2,46.4297892174755
"2335",0.308238680026261,0.381126639355207,0.474079650642816,0.578141788818175,3,1,2,75.0072194327883
"2336",0.226985361841507,0.862387051341357,0.72705629897886,0.21086629731697,3,1,2,162.100530187214
"2337",0.676906327473698,0.5436798959109,0.592928761158837,0.317326653652126,3,1,2,100.28899136153
"2338",0.725846128989942,0.409770641294308,0.810700190279167,0.635978219868848,3,1,2,70.401993692993
"2339",0.212402406982146,0.789226851771819,0.903140002634609,0.924736302937381,3,1,2,136.705998997918
"2340",0.363515264998423,0.169213250316679,0.0859682283189613,0.785795943859266,3,1,2,51.3599982498305
"2341",0.634151294954354,0.896733615534613,0.121120293880813,0.821457274224376,3,1,2,219.127686838278
"2342",0.600938407774083,0.704022587488871,0.250162727913121,0.491011771421181,3,1,2,153.615311716483
"2343",0.576846441219095,0.0109950899216346,0.620554414852522,0.81240371280117,3,1,2,23.854939319373
"2344",0.222287998640677,0.217396649490111,0.0400502323359251,0.950918334424496,3,1,2,60.3439934246962
"2345",0.866648649295093,0.0699932013393845,0.150914306938648,0.72285806349013,3,1,2,36.147967190119
"2346",0.980244193830294,0.93555177279748,0.164053532903781,0.279592289015418,3,1,2,226.372138050942
"2347",0.109091296369443,0.359918775161495,0.118762068143114,0.475733618048253,3,1,2,83.3850667394063
"2348",0.939925750078401,0.876231526016491,0.923368440609192,0.274015048294095,3,1,2,154.386363867366
"2349",0.477029041122878,0.50250984025537,0.362003984069452,0.0297347242583055,3,1,2,101.487157880533
"2350",0.539544392153621,0.473797886655666,0.929696242450736,0.497751936340937,3,1,2,77.355332929892
"2351",0.350327068240149,0.689384854680393,0.995106347677065,0.298723254092038,3,1,2,112.710192326445
"2352",0.638721046641003,0.666681315902388,0.5632393187657,0.651028882835526,3,1,2,126.764007239633
"2353",0.699073110606987,0.397014343019109,0.136917392541654,0.0982657634606585,3,1,2,89.8692498830048
"2354",0.766214440914337,0.768285326774931,0.974515180103481,0.227934424387058,3,1,2,128.950738605994
"2355",0.954766943813302,0.113386980912182,0.21096967282705,0.990628943310585,3,1,2,40.7252700534843
"2356",0.161219627608079,0.170904080772307,0.493620214317925,0.0570476837852038,3,1,2,43.1602717180918
"2357",0.0696710031514522,0.995994895026088,0.459636153064203,0.73120765458094,3,1,2,216.752452166022
"2358",0.445531537227798,0.204202270429814,0.195901864680927,0.818202251663897,3,1,2,54.0216617691523
"2359",0.741992315882817,0.946631916769547,0.0302965428552125,0.928869717940688,3,1,2,245.50040098803
"2360",0.387958300072933,0.447602540077642,0.8669659031427,0.488330877047265,3,1,2,74.8565145619793
"2361",0.669831819605315,0.316046879068017,0.77449267010903,0.98746876461315,3,1,2,57.4193919712357
"2362",0.498476674330886,0.0483214778918773,0.0299392445501871,0.112458591117756,3,1,2,35.4278004328245
"2363",0.126879809784004,0.893996818030719,0.849131973587209,0.208260583537631,3,1,2,162.437825610567
"2364",0.398442976236111,0.709673944591777,0.453504385951674,0.686045235964702,3,1,2,142.324679849691
"2365",0.49001517005614,0.463321183189983,0.311187447392149,0.0877475790574681,3,1,2,95.8080337850147
"2366",0.72123746306519,0.712258622372756,0.074318996318616,0.0663390755094588,3,1,2,168.551057941936
"2367",0.931138941948302,0.0578687643364537,0.631522871726192,0.0902673819952179,3,1,2,28.2971895039951
"2368",0.426050347756827,0.721668778975727,0.289250975751784,0.648233296974795,3,1,2,155.506887014696
"2369",0.659475033615017,0.547881569820456,0.884767678271746,0.771457314761355,3,1,2,90.9676899365134
"2370",0.295300812185742,0.3463428803836,0.766000399291515,0.972255652925232,3,1,2,61.9443031978339
"2371",0.819604136026464,0.520819623392308,0.758301891512237,0.418208299521357,3,1,2,90.2404702346809
"2372",0.57074334461824,0.978545724877622,0.355378588297172,0.900047658772673,3,1,2,221.173535305226
"2373",0.910218262447743,0.0409483765205368,0.78452468789299,0.303884492844809,3,1,2,25.1522659716826
"2374",0.205017698985757,0.270995318661444,0.265194762604078,0.236895505508874,3,1,2,62.7166299297544
"2375",0.473269412753871,0.162843509990489,0.573568371325964,0.116134891838301,3,1,2,40.8282494041047
"2376",0.079942022471223,0.213274139083223,0.618245755105745,0.198341303496854,3,1,2,46.4655059753777
"2377",0.803565448832232,0.928601553537883,0.897672834955156,0.136699644582113,3,1,2,167.66210944562
"2378",0.517065396293765,0.552012282344513,0.140114702169085,0.423740279349731,3,1,2,123.391822459827
"2379",0.481406228260603,0.423412492629141,0.9528129540605,0.8328276466846,3,1,2,69.0551961041025
"2380",0.7002930615074,0.241057118385797,0.547659243928501,0.167825667331927,3,1,2,51.5331185308425
"2381",0.963626723198686,0.209056794352364,0.917389661383349,0.712060815811856,3,1,2,41.2364679236619
"2382",0.622113995888503,0.225738070822554,0.912261355404044,0.546355150406016,3,1,2,43.2679734141073
"2383",0.544852645649808,0.089894590373151,0.0699763880064711,0.931214778346475,3,1,2,40.2301209867728
"2384",0.747050680544926,0.693846146357246,0.0188930113182869,0.0191211945330724,3,1,2,167.913842866736
"2385",0.754159249892691,0.967555092623224,0.744282904400025,0.948079985330114,3,1,2,187.190166087009
"2386",0.423984050190775,0.650728778754128,0.181617512608645,0.880149249874521,3,1,2,144.883300841067
"2387",0.317115678519476,0.369220647858456,0.10801506596501,0.00108836722909473,3,1,2,85.5323984638123
"2388",0.552865030043758,0.302746994929621,0.675846894721035,0.104790549422614,3,1,2,57.5539939988376
"2389",0.860131350639276,0.418310815993464,0.788647826567758,0.871635068953037,3,1,2,72.3109500355485
"2390",0.842961725677596,0.798078246202786,0.554976539149648,0.427306512745563,3,1,2,157.212596768279
"2391",0.174618714530952,0.00690863941912539,0.821941947786836,0.982074924712069,3,1,2,21.80201267707
"2392",0.918612695540069,0.121170782946283,0.148825412179576,0.215516744460911,3,1,2,42.9443440256668
"2393",0.116884341744008,0.330970756141469,0.737922246007947,0.342676627887413,3,1,2,60.29145503114
"2394",0.761282134035137,0.478043829527451,0.0926651964115445,0.743258971362375,3,1,2,109.180449639708
"2395",0.879261510558426,0.889421083071502,0.596940913698636,0.609017733486835,3,1,2,177.203086139412
"2396",0.738505054604029,0.505113723089453,0.378687971665058,0.144991247208091,3,1,2,101.339075995074
"2397",0.716386172528146,0.000307297089602798,0.237932245954871,0.628668644998688,3,1,2,26.7727218447895
"2398",0.974026331425412,0.256199180129915,0.0102716988057364,0.373143530355301,3,1,2,67.9846423505167
"2399",0.520611729340162,0.972138228851836,0.689151028062915,0.221581045789644,3,1,2,191.755573990456
"2400",0.334129027529852,0.18866146407323,0.718119329176843,0.739096913542598,3,1,2,41.7499042184558
"2401",0.706926133808447,0.197208510584896,0.596157285119407,0.119140962333186,1,2,2,33.2433247760422
"2402",0.690161571088247,0.56314006412169,0.675107564321952,0.926507328401785,1,2,2,74.9266892607989
"2403",0.488955744601553,0.296282996418886,0.352823449252173,0.157436697800877,1,2,2,47.7853381184807
"2404",0.170105631796177,0.464204338071868,0.312158334315754,0.349275253668893,1,2,2,71.2016643534611
"2405",0.786416734583909,0.189793010882568,0.561323271687143,0.547238513597986,1,2,2,33.0103782006169
"2406",0.00879660100559704,0.685872717997991,0.436637184347492,0.595936137274839,1,2,2,102.068297276228
"2407",0.413174360858975,0.316142675239826,0.748393609473715,0.0356169664871413,1,2,2,42.9763554365921
"2408",0.515224751165369,0.779570648235967,0.20882224452449,0.491969315413153,1,2,2,130.754242127532
"2409",0.900899142432027,0.309482942072209,0.515632019747281,0.358266788484762,1,2,2,46.2210951576386
"2410",0.133169757795986,0.25923333744402,0.83092282101512,0.552716388568515,1,2,2,36.1748550162956
"2411",0.722675382167799,0.828521860376932,0.417965280835051,0.879136976037407,1,2,2,129.013835924921
"2412",0.278914148317417,0.209523647262249,0.71855424784706,0.754291250015376,1,2,2,32.9150382734841
"2413",0.655847834196175,0.40479835239239,0.943501166712958,0.647453970470233,1,2,2,49.3735526061707
"2414",0.259588590130443,0.985794053171994,0.61518238604418,0.25041105114622,1,2,2,148.446491774748
"2415",0.000329631601925939,0.263713596177986,0.485360610004282,0.840241956522223,1,2,2,41.6935099192817
"2416",0.158673405091977,0.165917729772627,0.371702354170848,0.66916965091601,1,2,2,33.2292108606122
"2417",0.12562195474864,0.719623375681695,0.84587877752725,0.798586918201763,1,2,2,92.5626421435221
"2418",0.890824249498546,0.12209505696781,0.547451720087556,0.0332857937575318,1,2,2,26.9835538598422
"2419",0.86962464342243,0.301065626133932,0.317086241145153,0.85542865780415,1,2,2,49.1807976471038
"2420",0.0678137415880337,0.961459053519648,0.605991313223494,0.383952588867396,1,2,2,144.334056259665
"2421",0.050577082169475,0.581111014091875,0.918538507741177,0.608938321530586,1,2,2,70.9819047663989
"2422",0.063997755026212,0.367699774036882,0.467422220121371,0.75811372665572,1,2,2,54.1615970205068
"2423",0.361566300189588,0.769890455048298,0.496230589055922,0.271117316649761,1,2,2,113.951630233934
"2424",0.653833659855882,0.57938544432167,0.174357821524609,0.138970341423992,1,2,2,94.5848635621088
"2425",0.584826678676764,0.504768256718526,0.404930102297803,0.96851179899415,1,2,2,74.4505731891626
"2426",0.698573539269855,0.446763376089511,0.257750639165752,0.40599157175282,1,2,2,70.3229837369479
"2427",0.635949147210922,0.540580746689811,0.289682114038151,0.568159680224489,1,2,2,83.730751430633
"2428",0.773024600604549,0.888570520265494,0.628323910608888,0.121206702033523,1,2,2,129.073645814024
"2429",0.629015383499209,0.585238064748701,0.868844428790035,0.726030759472633,1,2,2,72.7778564821828
"2430",0.271641194657423,0.370309242693475,0.724417352871969,0.851401459873887,1,2,2,49.371416642803
"2431",0.403580283946358,0.115178518238245,0.201673274399946,0.0706968182872515,1,2,2,30.5220806201372
"2432",0.343825612482615,0.929791941305157,0.343567372302059,0.662051472117892,1,2,2,153.781139163929
"2433",0.623777070281794,0.834271181816002,0.369050723612309,0.787970228053164,1,2,2,132.740011832273
"2434",0.827985557039501,0.923888070455287,0.0868861351709347,0.784929403670831,1,2,2,171.19305249868
"2435",0.189478505678708,0.154877191185951,0.672751813734649,0.437776942659402,1,2,2,28.5180445811791
"2436",0.975603297973284,0.386554782863241,0.25338060725946,0.144747941987589,1,2,2,61.7631876437214
"2437",0.467602233226644,0.343727516209474,0.61199529722915,0.717877344759181,1,2,2,48.3909370716392
"2438",0.816226598712383,0.243776984099532,0.711830457120668,0.583529536850983,1,2,2,36.2430127618609
"2439",0.47103126806207,0.194393353086198,0.696911437480012,0.23511903592851,1,2,2,31.756542342179
"2440",0.988117316162679,0.799388509470737,0.988104863025947,0.362324876917992,1,2,2,99.8433392481178
"2441",0.889968125990126,0.528893879341194,0.533584954619873,0.149338200424099,1,2,2,73.9076693496314
"2442",0.953603098607855,0.321265507325297,0.305391260845354,0.99761967966333,1,2,2,51.9569210854493
"2443",0.745382082584547,0.518947574030608,0.660968518224545,0.612830951645738,1,2,2,69.1653177080473
"2444",0.961422421061434,0.000114880559267476,0.926042948709801,0.570071889918763,1,2,2,15.2097447792792
"2445",0.854176887685899,0.571255021367688,0.754356778428191,0.970179190563504,1,2,2,73.8976028539174
"2446",0.457146084031556,0.0885894454165827,0.408579011054244,0.324498766706092,1,2,2,25.5653668511176
"2447",0.091192979834741,0.273646088720998,0.704078431189992,0.226408334081061,1,2,2,39.2873027503985
"2448",0.0727932957618032,0.642754819110269,0.871587851613294,0.0620718898240011,1,2,2,80.3511352283281
"2449",0.42584340582951,0.427019493178232,0.884956630648812,0.67064335065661,1,2,2,52.8699392603329
"2450",0.811444516134216,0.935829002009705,0.0249703414808027,0.441503990750061,1,2,2,178.88034315989
"2451",0.21403739229776,0.784897478660569,0.760959894172847,0.0775534144463018,1,2,2,105.406891382398
"2452",0.237046245402889,0.858327964136843,0.0313975897361524,0.0673975859698839,1,2,2,159.229712076357
"2453",0.511617625955259,0.650942639440764,0.795109955829103,0.292099945001537,1,2,2,83.8190127454779
"2454",0.331835727264406,0.177409831804689,0.644269851500867,0.449139376390958,1,2,2,30.8378266449667
"2455",0.383251900839386,0.557166857064003,0.784790887510171,0.175450856062816,1,2,2,71.0169738176772
"2456",0.377254293229198,0.514988175630569,0.842012855039211,0.816802830678644,1,2,2,64.3092840145466
"2457",0.190053471559659,0.87310535250348,0.977806111881509,0.588269918997539,1,2,2,111.902031299888
"2458",0.606297941189259,0.720183629522799,0.853252379789483,0.422917786728358,1,2,2,92.2830710701317
"2459",0.124341898320708,0.916896248802077,0.0353502986312378,0.412276237448677,1,2,2,173.334299984503
"2460",0.80096230297233,0.409420244010398,0.420389492949471,0.0883311859692913,1,2,2,60.4982630444495
"2461",0.202896884545917,0.265570351923816,0.81560667642043,0.994330722703598,1,2,2,36.999998478771
"2462",0.575860378823709,0.945309512452222,0.569673753409879,0.739323137005558,1,2,2,143.469186179294
"2463",0.835153707432328,0.293239254361251,0.331725179031491,0.621338033166248,1,2,2,47.9064958147188
"2464",0.505005261914339,0.420430239497218,0.482631383324042,0.395421188124456,1,2,2,60.4907084318834
"2465",0.367092565383064,0.0185786949633621,0.218522616911214,0.402945272441721,1,2,2,21.5546700928621
"2466",0.566390574325342,0.735882466215407,0.69032174231601,0.329328484310536,1,2,2,100.29471261432
"2467",0.117635608282872,0.158995592660503,0.44615500733722,0.203368034347659,1,2,2,31.5314741717423
"2468",0.753000426673098,0.634640054097399,0.9988101347466,0.90262141507701,1,2,2,76.1237676709199
"2469",0.288184538010973,0.0343522995884996,0.879436937848805,0.132367254288401,1,2,2,17.6334578459944
"2470",0.918989343226422,0.0278221375215799,0.952871273967903,0.590027390943142,1,2,2,16.7860830186825
"2471",0.936699024089612,0.74929074279964,0.105649506397313,0.276180532340659,1,2,2,130.555475946629
"2472",0.0194330663548317,0.132348925785627,0.132334988542134,0.163725483786548,1,2,2,33.2968145275058
"2473",0.971893109834055,0.184578191492474,0.633970437282696,0.0134875722788274,1,2,2,31.5859852808501
"2474",0.0404254781629425,0.762791908320505,0.270566006280715,0.199398643015884,1,2,2,123.704882810358
"2475",0.662926396135008,0.9309428113373,0.242505580253201,0.982847882022616,1,2,2,161.150758148633
"2476",0.322072408116655,0.286819275582675,0.146162167754956,0.433096186330076,1,2,2,51.1751174880335
"2477",0.822805042094551,0.637488747754833,0.359285154239042,0.975976914325729,1,2,2,97.1393665821761
"2478",0.703102790073026,0.839114828731399,0.214302697745152,0.724306733682752,1,2,2,142.913077063521
"2479",0.359093915389385,0.998981976795476,0.604327664645389,0.269584902578499,1,2,2,151.707793801896
"2480",0.387241395798046,0.476610372440191,0.0776800880092196,0.892937618391588,1,2,2,81.3655180156383
"2481",0.56363036056282,0.860553865527036,0.824059119796148,0.223940346953459,1,2,2,115.571086888899
"2482",0.0583704576396849,0.803113724747673,0.684526285467437,0.368168296969961,1,2,2,111.667494308349
"2483",0.195844842892839,0.383528372057481,0.327979504725663,0.300617898432538,1,2,2,59.4260143442854
"2484",0.336600278099068,0.0991511944367085,0.464531364102149,0.281086460679071,1,2,2,25.8872544552476
"2485",0.831602950374363,0.675471809911542,0.812333207447082,0.210392636577599,1,2,2,86.8349772143022
"2486",0.0110435238236096,0.813316862422507,0.321719512582058,0.699006294446299,1,2,2,131.184278737023
"2487",0.779135397031205,0.251353302467614,0.294080397610087,0.194825296418276,1,2,2,43.6562136306799
"2488",0.991635242553893,0.957469384424621,0.730123810262885,0.152602748553036,1,2,2,136.844516437958
"2489",0.920443875099299,0.361549310818082,0.0686556408333126,0.51380771478056,1,2,2,63.6101634062203
"2490",0.184263631337089,0.882089701495133,0.94940590701066,0.82174053787603,1,2,2,114.549790103945
"2491",0.617279308158904,0.41773327011033,0.0108490912860725,0.575319797269767,1,2,2,74.2081630625056
"2492",0.934683612575754,0.773834091391182,0.128568242244655,0.658007130003534,1,2,2,134.554280368302
"2493",0.634142048036447,0.357081061885692,0.228851360897534,0.515869724245276,1,2,2,58.4508356033989
"2494",0.208132141787792,0.106413595577469,0.0614074563793838,0.313266795199597,1,2,2,31.6897628782348
"2495",0.263450838718563,0.89855805121595,0.43108815229265,0.171339573138393,1,2,2,141.462173367772
"2496",0.882721102716168,0.495057043540292,0.912196214479627,0.813082128418609,1,2,2,60.3335705330532
"2497",0.176884525942151,0.16265130800195,0.451136656546732,0.507324413624592,1,2,2,31.8339399265665
"2498",0.871820306874579,0.994915921838256,0.361248937112978,0.94576252486906,1,2,2,166.958785685499
"2499",0.849151370940963,0.910768469689647,0.729368016439257,0.703405594875803,1,2,2,128.796779838828
"2500",0.982275989052141,0.627426419290714,0.296964263120899,0.109065510352375,1,2,2,97.6368009978806
"2501",0.349302599786315,0.396316129197367,0.621093177100411,0.870538758811308,1,2,2,54.4150777515412
"2502",0.292806520006852,0.431781633121427,0.766567177890101,0.183772848090157,1,2,2,55.6131267426423
"2503",0.585239971167175,0.00807892051758245,0.501513004010776,0.316222917936975,1,2,2,18.3532945844538
"2504",0.929947080638958,0.222332510637352,0.7594793115824,0.503151631336659,1,2,2,33.595430054923
"2505",0.460911107315915,0.59469547532266,0.970218409304507,0.9524920639419,1,2,2,71.5666948190406
"2506",0.767696573275607,0.530761371138506,0.578133449500892,0.628516630560625,1,2,2,73.0359035106474
"2507",0.30931291887071,0.45618741392158,0.862957424588967,0.847886894085677,1,2,2,56.6863810307929
"2508",0.684851936541963,0.0604162873502355,0.280515693410998,0.896478466666304,1,2,2,24.4947965803819
"2509",0.504943278339924,0.951494519234402,0.93844177211402,0.864661240336718,1,2,2,126.7429345368
"2510",0.673326241943287,0.0415076636895537,0.376065116531681,0.774013167117955,1,2,2,21.9516758233625
"2511",0.268376727697905,0.454243178240722,0.0847077354509383,0.485631088154623,1,2,2,77.3473338403431
"2512",0.146993923421251,0.276799695371883,0.707773594122846,0.521852809662232,1,2,2,39.5782793162359
"2513",0.137002650538925,0.46899409818463,0.195371889102971,0.34420331880101,1,2,2,75.7060008019094
"2514",0.0234945538872853,0.714697924760403,0.156293487553485,0.839996697407914,1,2,2,120.977210609457
"2515",0.219951958844904,0.488576364635956,0.557321197614074,0.244077197363367,1,2,2,67.6641135343302
"2516",0.876103984810179,0.705447420455748,0.552225116944173,0.934475212220568,1,2,2,100.815295516109
"2517",0.842643709686818,0.909476684011752,0.0701040608261246,0.526708404442761,1,2,2,168.854087684384
"2518",0.595448721708963,0.038608802856179,0.139098915763898,0.882105730513576,1,2,2,24.1215446297837
"2519",0.941212797495537,0.211519645607332,0.964129662245978,0.79407142118318,1,2,2,30.3647306478354
"2520",0.948483444809681,0.490210504255956,0.34904202819569,0.456207347285235,1,2,2,73.9291914547531
"2521",0.0970338280370925,0.903643710622564,0.85745330001344,0.427256417185999,1,2,2,121.672441962077
"2522",0.522031949720113,0.136220501784701,0.636691591391573,0.0803528424410615,1,2,2,27.2699239075232
"2523",0.908299544326728,0.102539574620314,0.739466208469821,0.286671918663196,1,2,2,23.5585903618952
"2524",0.677645772496471,0.439822265156545,0.095619302453706,0.0578649579908233,1,2,2,74.5048442293819
"2525",0.54317840970587,0.661955485778162,0.161408463146072,0.00591353831696324,1,2,2,109.978055268568
"2526",0.0253328812762629,0.410170799228363,0.786008783505531,0.233370771768969,1,2,2,52.7161675160251
"2527",0.477678823817987,0.789367836081656,0.124633750623325,0.472570183168864,1,2,2,137.933866294825
"2528",0.297408296653302,0.553813533044886,0.0512649354070891,0.637006504754536,1,2,2,95.7957811845952
"2529",0.96751411606092,0.548174774458166,0.968679575757123,0.683212392909918,1,2,2,65.6326373236443
"2530",0.113749517027754,0.703669868150028,0.166933812381467,0.370282466189237,1,2,2,117.9652266012
"2531",0.436350401920499,0.07061257446534,0.490400803554803,0.944060573946917,1,2,2,23.2567480630637
"2532",0.24273119739606,0.393092313033994,0.304724900511792,0.734739764893893,1,2,2,61.3961527821237
"2533",0.397436187103158,0.743664196277969,0.245590344358934,0.378241483045276,1,2,2,121.497937958952
"2534",0.557058412871556,0.56649644450983,0.744772219449515,0.828237917001825,1,2,2,73.4773754816884
"2535",0.600320338389138,0.0200568337994628,0.0587972835963592,0.540501098524546,1,2,2,23.3596298444371
"2536",0.443363134393003,0.672420603049686,0.0287013920291793,0.963411303972825,1,2,2,119.848985648933
"2537",0.480895602809032,0.506490876517491,0.338803840895416,0.306820756728994,1,2,2,76.6525127301131
"2538",0.719955702178413,0.144794731743168,0.268440159361344,0.886118488429347,1,2,2,32.5820834075891
"2539",0.864089196387213,0.843779030517908,0.192348642689176,0.0248686962295324,1,2,2,144.536308529302
"2540",0.166375264851376,0.48069627396646,0.0920116644352675,0.299682199601084,1,2,2,81.3220125590656
"2541",0.0870692261424847,0.646174048943212,0.58449750241125,0.101369526261697,1,2,2,89.7503976015556
"2542",0.781158299272647,0.809633832288673,0.278237362179207,0.418400491154753,1,2,2,132.719238275351
"2543",0.493796789015178,0.98317572504282,0.396971480244538,0.16735178092611,1,2,2,161.072230363609
"2544",0.0799390643532388,0.0828306092508137,0.902043866773602,0.760703258067369,1,2,2,20.8223795549469
"2545",0.41661441584467,0.170146943257423,0.778748191816267,0.801328237622511,1,2,2,28.7362377830978
"2546",0.735696431020042,0.284559282410191,0.669295869880589,0.114696649722755,1,2,2,40.9107252447937
"2547",0.644344281496014,0.848041534504155,0.411156222653808,0.388942976543913,1,2,2,132.842123172575
"2548",0.0840477632451802,0.0756292376096826,0.522054761813488,0.909909858043538,1,2,2,23.3697157382917
"2549",0.959903156941291,0.231217555968324,0.893394048584159,0.461346895028837,1,2,2,32.8335229033579
"2550",0.0301083877845667,0.65912987394142,0.955874616024084,0.262103117597289,1,2,2,80.4042716391588
"2551",0.247924167556921,0.620926534327446,0.382954216450453,0.705189505004091,1,2,2,93.3407216277988
"2552",0.527638198748464,0.820214895780664,0.685656800686847,0.478029334390303,1,2,2,114.613684515111
"2553",0.108806771620875,0.878961937593995,0.119079713127576,0.354952450448181,1,2,2,157.806747496042
"2554",0.14266649060999,0.228575042168377,0.645885365023278,0.939808337074937,1,2,2,35.6605874415139
"2555",0.647912411770085,0.79459492570255,0.827844543632818,0.679695399934426,1,2,2,104.833854082855
"2556",0.857912153673824,0.127259390221443,0.177384443280753,0.9565292946517,1,2,2,32.1264554466639
"2557",0.0453877748991363,0.314094641514821,0.428560064577032,0.604207369382493,1,2,2,48.4434514537551
"2558",0.61274347536033,0.050228981373366,0.386924091601977,0.651472483050311,1,2,2,22.5581223904232
"2559",0.809272943205433,0.441928616715595,0.839917789865285,0.0930442957300693,1,2,2,55.3443794231465
"2560",0.537003154163249,0.349896656114142,0.18365254326025,0.633931113466388,1,2,2,58.6805469486021
"2561",0.423086621206021,0.597211452651536,0.0194345208001323,0.00225099494564347,1,2,2,105.004746113078
"2562",0.310360341353808,0.815352152361302,0.0431942634307779,0.917102860825835,1,2,2,149.501065113277
"2563",0.281322379169287,0.944756921594962,0.888530338874552,0.258285661530681,1,2,2,127.317093868712
"2564",0.898204075699905,0.472274243897991,0.154255548027577,0.0538779620511923,1,2,2,77.543683703819
"2565",0.552352606664645,0.23541041301447,0.527609904215205,0.481605308470316,1,2,2,38.0029765507493
"2566",0.495201967189787,0.614097808308434,0.477396269395249,0.0263515658152755,1,2,2,88.4252617249922
"2567",0.74042346454924,0.204819104303606,0.235873665238032,0.20565729536931,1,2,2,39.432478191859
"2568",0.688197251601377,0.754697850904195,0.112388054083567,0.688193070228444,1,2,2,131.586360754425
"2569",0.223715762895299,0.668951340154745,0.185835098228417,0.988302731473232,1,2,2,110.644637360623
"2570",0.798614294735016,0.0684536590694916,0.00695641978643835,0.467147878188407,1,2,2,28.6163802613823
"2571",0.160727686064783,0.522613851130009,0.802230695053004,0.745170990492916,1,2,2,66.1876571671944
"2572",0.594544128716225,0.537672526447568,0.506066296979552,0.533148966409499,1,2,2,76.1079776965077
"2573",0.153833461160539,0.602398652826669,0.895637130845571,0.0197122645482887,1,2,2,74.1807092827334
"2574",0.252012873988133,0.757253223132575,0.652554365489632,0.694396429494955,1,2,2,105.407013565271
"2575",0.452345562315313,0.616265430540079,0.932577831263188,0.912031574718421,1,2,2,75.3468346610899
"2576",0.570730420326581,0.013699624723522,0.793860475050751,0.126278808622155,1,2,2,16.7971304038312
"2577",0.533834470059956,0.33427149435156,0.805952378992224,0.615172449396923,1,2,2,44.0474092046997
"2578",0.350209814753616,0.093089296213584,0.441410370396916,0.246308082347969,1,2,2,25.6054672935817
"2579",0.758773443219252,0.977497562901117,0.588521680750418,0.33522557316348,1,2,2,148.412371817682
"2580",0.996048163768137,0.3275999987463,0.473351413065102,0.557573848607717,1,2,2,49.1505282379924
"2581",0.409673005997902,0.691068502045237,0.909409464712953,0.867855450590141,1,2,2,86.4008520191941
"2582",0.546780211502919,0.682148011105601,0.657126428680494,0.640288146836683,1,2,2,93.0866551550184
"2583",0.318090649403166,0.0482216720108408,0.923265130717773,0.777530006495072,1,2,2,18.2924539220818
"2584",0.327126466063783,0.218881885072915,0.101288485481637,0.188931135516614,1,2,2,43.629716149322
"2585",0.73199637159938,0.725646333534969,0.00133681803010404,0.83136050636298,1,2,2,132.603824936089
"2586",0.763332403688692,0.867268413524143,0.542444006750593,0.218949339332758,1,2,2,129.476169350062
"2587",0.913167786037084,0.35200544784544,0.224209289362188,0.394760117554106,1,2,2,57.864045864102
"2588",0.370331509409007,0.606108055211371,0.2627915734821,0.0439676595560741,1,2,2,95.3708885565039
"2589",0.304474299417343,0.695718004819937,0.230337443157332,0.74047904534149,1,2,2,113.346476306349
"2590",0.391689355277922,0.335509283123538,0.538402932735626,0.0972894721385092,1,2,2,48.7485682647737
"2591",0.104527442208491,0.146786611616844,0.455450144862989,0.714874576235889,1,2,2,30.2860186044034
"2592",0.728750949611422,0.970377873498946,0.574012036815984,0.769099761194084,1,2,2,148.216803360685
"2593",0.0362798018741887,0.248729700498516,0.594516553509748,0.564824591384968,1,2,2,38.3806661808352
"2594",0.430076807203004,0.0553936765855178,0.770955997736892,0.921162254305091,1,2,2,19.8059439616045
"2595",0.714796298877336,0.378008243999211,0.393949132520938,0.0491643862309866,1,2,2,57.0227610296398
"2596",0.79108391380636,0.85038557732245,0.0487473186361603,0.330290503491415,1,2,2,156.510608343793
"2597",0.669618128942093,0.969766167404596,0.994138365400722,0.49632036433788,1,2,2,127.316461043002
"2598",0.225515011234675,0.894637566556921,0.984982354706153,0.80680074840202,1,2,2,115.238484246476
"2599",0.230411031732801,0.730166314310627,0.142394906844711,0.451057364393491,1,2,2,124.623976541767
"2600",0.448306278754026,0.114146292177029,0.511770746065304,0.539327696766704,1,2,2,26.6955385318624
"2601",0.208481688993052,0.662326950862771,0.980739008615492,0.501029330521124,2,2,2,94.0924430611214
"2602",0.622050876158755,0.262334693350131,0.486712014735676,0.18173981612199,2,2,2,48.6171406349045
"2603",0.0234553892840631,0.0375942502834369,0.0583380671800114,0.852620004108176,2,2,2,29.2770738902495
"2604",0.367458554836921,0.129673327994533,0.0912888890283648,0.452569013090106,2,2,2,39.4892911661835
"2605",0.184777301280992,0.69110082407482,0.90586187713081,0.264762677492108,2,2,2,101.202394211682
"2606",0.81068810184719,0.816775386406807,0.926995020438917,0.674526447374374,2,2,2,122.848304490954
"2607",0.647636492092861,0.384165077917278,0.294601472049253,0.930516988959862,2,2,2,70.8922330091085
"2608",0.163800687909825,0.571799422417535,0.194998357312288,0.866636351499474,2,2,2,108.675025910128
"2609",0.398974879228044,0.638902908887248,0.510559869970894,0.686725671718596,2,2,2,107.238044799189
"2610",0.564992995616049,0.438385392250493,0.0868502073944546,0.307152263987809,2,2,2,87.5611682121183
"2611",0.828087297170423,0.988393343599746,0.960998274120502,0.885164090245962,2,2,2,155.018992085935
"2612",0.765470082898391,0.928127997303382,0.0258267647179309,0.860369540922111,2,2,2,207.99617357458
"2613",0.486422375921393,0.563356486852281,0.198461472250056,0.128741167947883,2,2,2,106.474065572069
"2614",0.445524765253067,0.798034973551985,0.658560705140699,0.765027276981855,2,2,2,131.409474622341
"2615",0.426968878841726,0.124527411184972,0.43839826727286,0.0852872446284164,2,2,2,33.3087346135789
"2616",0.434426093408838,0.0311668313166592,0.440354231384117,0.415338864458026,2,2,2,24.1051576229286
"2617",0.823589893650496,0.225824266235577,0.120671088442905,0.648254986167885,2,2,2,51.7207019707295
"2618",0.215016896903981,0.246204345874721,0.818566781671252,0.539534010475036,2,2,2,41.1507324023544
"2619",0.654990028018365,0.209010796495713,0.863136569946073,0.0615329304290935,2,2,2,36.549768951963
"2620",0.569611534849973,0.859288195718545,0.854593840814196,0.516442383493995,2,2,2,134.04805927428
"2621",0.0104688475199509,0.715179965462303,0.808693328566151,0.302713220837759,2,2,2,108.940274356777
"2622",0.611240269440459,0.996148626748472,0.710898756663082,0.522161211767234,2,2,2,170.632964376084
"2623",0.342976640905254,0.777122391016455,0.204477674330119,0.95320393210859,2,2,2,153.338144683956
"2624",0.86440406577196,0.049245663061738,0.695415440885117,0.832604475683765,2,2,2,23.3444865580645
"2625",0.268034594237106,0.615991911297897,0.475618113521487,0.989554638696136,2,2,2,104.524016896995
"2626",0.101245514026377,0.74305751021835,0.268562947623432,0.629246531701647,2,2,2,141.069149484428
"2627",0.16643478520331,0.296536810003454,0.557335102485959,0.795024430676131,2,2,2,51.6667128445064
"2628",0.548329006076092,0.109585298730526,0.033183962845942,0.606160202771425,2,2,2,38.0796818861717
"2629",0.376062081272248,0.833289181428263,0.0414936017000582,0.373599968798226,2,2,2,179.624437061058
"2630",0.189434430383844,0.461571401426336,0.0370979658968281,0.955617966288701,2,2,2,94.3394349421444
"2631",0.250991118309321,0.785476454519667,0.407043508506613,0.108053869220894,2,2,2,141.698666167197
"2632",0.243513551740907,0.519931534826755,0.611699077747762,0.600642581776483,2,2,2,82.7683291440557
"2633",0.732407279146137,0.58572450287058,0.359447136302479,0.241817206750857,2,2,2,103.524517014092
"2634",0.128558534481563,0.863798548174091,0.797294429881731,0.358675690005766,2,2,2,137.550692192756
"2635",0.616909577071201,0.897911897734739,0.941891855914146,0.547047065878287,2,2,2,137.560334260182
"2636",0.662030268914532,0.362417841890128,0.344191817890387,0.80488670769264,2,2,2,66.0229387316431
"2637",0.106316600047285,0.914719997285865,0.646803705091588,0.525957796417642,2,2,2,156.394737366025
"2638",0.411969701014459,0.891845189502928,0.836471993346931,0.379861487466842,2,2,2,141.272168667258
"2639",0.55041694865562,0.975040303710848,0.601895081630209,0.619976648553275,2,2,2,172.875029564172
"2640",0.291510599232279,0.313233285075985,0.760431100855349,0.87275322615169,2,2,2,49.9035744923191
"2641",0.948073120360496,0.7557744252868,0.775937860690756,0.49106539120432,2,2,2,117.753493529972
"2642",0.380866835128982,0.478600906283828,0.517406101645902,0.146232211467577,2,2,2,78.9369026022354
"2643",0.458676351261092,0.0800936601124704,0.664433804810978,0.0758114980813116,2,2,2,26.3153878991936
"2644",0.602619012327632,0.450285276655341,0.740824225887191,0.499563383028144,2,2,2,68.5068083029287
"2645",0.847399968098616,0.0439151151187252,0.173823800068349,0.844988304106519,2,2,2,28.3787753868508
"2646",0.659630607325817,0.181589430544991,0.115327507818583,0.329463040914852,2,2,2,45.7130691699475
"2647",0.784935520481085,0.199822624145309,0.32464479694725,0.214371051006019,2,2,2,43.8469226990058
"2648",0.937009135223925,0.944027506180573,0.747262523415266,0.446476182203041,2,2,2,156.906834809599
"2649",0.149924040358746,0.358190582426032,0.692888982031727,0.439785583947087,2,2,2,56.9001081865334
"2650",0.373302404800197,0.391586593341781,0.720816540198866,0.161385210807202,2,2,2,60.717468658098
"2651",0.637744715787703,0.44138629216468,0.638537961543771,0.826269549807766,2,2,2,69.8812664505293
"2652",0.509344351749169,0.623814397733659,0.930291869882494,0.700747970631346,2,2,2,89.5543572176257
"2653",0.238901224252768,0.841424770208541,0.370124969764147,0.151068694377318,2,2,2,156.582087870323
"2654",0.884635928140488,0.407815627313685,0.619523309188662,0.56093102089595,2,2,2,65.4374321442551
"2655",0.330970299943583,0.231625699722208,0.935421130398754,0.900655244104564,2,2,2,38.0076566829043
"2656",0.150711750286864,0.465334895905107,0.212341812740779,0.045626252987422,2,2,2,87.2902105735934
"2657",0.501344993023668,0.0083242368104402,0.13656529301079,0.992937692052219,2,2,2,25.225387980964
"2658",0.985082338487264,0.399183142021066,0.381393526149914,0.116088189857546,2,2,2,70.4881258379531
"2659",0.873423487119144,0.266962605103618,0.569047590732807,0.352807321696309,2,2,2,47.656586247037
"2660",0.392066930376459,0.497422341704369,0.528188553315122,0.781507571928669,2,2,2,81.8119162603799
"2661",0.933499517044984,0.540622355457163,0.278303590052528,0.961518350907136,2,2,2,98.773067941667
"2662",0.817839795668842,0.523404362112051,0.238444609888829,0.0505525081744418,2,2,2,96.8877838738018
"2663",0.608991770176217,0.962267990880646,0.974411221310729,0.405136066569248,2,2,2,148.653138590307
"2664",0.26153632113128,0.302445968800457,0.458107244932326,0.542345391456038,2,2,2,54.5197050530916
"2665",0.681340317551512,0.512642720303265,0.993892561987741,0.336635578967398,2,2,2,71.1709605490006
"2666",0.968861096232431,0.590709480510559,0.844681984934723,0.0271466260252055,2,2,2,86.6670746112916
"2667",0.271726870363345,0.747180753772846,0.150490784780122,0.899742240431951,2,2,2,149.898332755179
"2668",0.800238383259857,0.839558553979732,0.499920650039567,0.318893486969173,2,2,2,148.336069513248
"2669",0.679834987086942,0.203122630310245,0.301768401029985,0.443862641971791,2,2,2,44.7208250985659
"2670",0.728336165326182,0.191932957413374,0.582094606900355,0.14447161794873,2,2,2,38.6000309217834
"2671",0.954104005745612,0.284763101881836,0.470207554523367,0.31425266599399,2,2,2,51.8701912075473
"2672",0.97068243164802,0.216452703730902,0.674511070657754,0.361299641706282,2,2,2,39.9688083704795
"2673",0.735745714087971,0.900636139709968,0.0715023041050881,0.53050117766019,2,2,2,195.394913930287
"2674",0.686801259615459,0.502884236291284,0.454948733760975,0.915252747301711,2,2,2,85.187819527929
"2675",0.318648146985797,0.916890307021095,0.783810121384449,0.938129467873368,2,2,2,149.490424989736
"2676",0.255547806536779,0.846547780196415,0.309833294120617,0.18972892840975,2,2,2,161.889165321828
"2677",0.0699684776726645,0.959228472475661,0.281507491937373,0.698161190024111,2,2,2,192.807356042321
"2678",0.702584175879601,0.239171056115301,0.573507941357093,0.019126365527045,2,2,2,44.1602375554672
"2679",0.579325472316705,0.535647500740597,0.385630618372234,0.0434638437372632,2,2,2,93.1257289413998
"2680",0.054478209951194,0.0859089548978955,0.108898412293056,0.731551676059607,2,2,2,33.9295975119531
"2681",0.473779104173882,0.430054003709229,0.217342004760867,0.67941319728503,2,2,2,81.0867770973246
"2682",0.174847071395488,0.935170645964099,0.821102596909041,0.427049062157748,2,2,2,150.970889213017
"2683",0.00765228918753564,0.0209625032730401,0.654437300444115,0.220185851129936,2,2,2,21.3174494859581
"2684",0.159840906627942,0.0965367471880745,0.966964065497741,0.483982084396994,2,2,2,25.0076767580278
"2685",0.865970183484023,0.55704257157864,0.669369918758748,0.821165271479404,2,2,2,87.0100552028319
"2686",0.221321119623026,0.24351228640764,0.325338213606738,0.0124133431189694,2,2,2,49.4234350847444
"2687",0.97543173088925,0.576858060230734,0.000283734424738213,0.692765590307536,2,2,2,120.237172453207
"2688",0.852883440047735,0.980737483971752,0.948551637241617,0.585640329583548,2,2,2,153.878246480232
"2689",0.99310976993409,0.993978047609562,0.534195970218861,0.249938492059009,2,2,2,181.486587083779
"2690",0.350231390151894,0.290437948826002,0.679402969660005,0.660039076190442,2,2,2,48.5593963651558
"2691",0.925750518701971,0.0682476532889996,0.021465092797298,0.0712339575891383,2,2,2,33.2618891887366
"2692",0.899457328680437,0.353250047431793,0.72858690335881,0.921048452708637,2,2,2,55.5641660165846
"2693",0.670625094934367,0.769121457297588,0.168111998103559,0.200104700903175,2,2,2,153.315931574461
"2694",0.721845594280167,0.947625750276493,0.888222191410605,0.944056297841016,2,2,2,150.403672137528
"2695",0.323314493803773,0.684274152448634,0.731145391499158,0.653393576717936,2,2,2,106.581603901365
"2696",0.438685590971727,0.628177839348791,0.332635338468244,0.134844243510161,2,2,2,112.906207139711
"2697",0.795950149077689,0.530628424194874,0.351141169881448,0.577498462761287,2,2,2,93.8091952175196
"2698",0.245013998467475,0.324773040541913,0.593428999764146,0.656031728896778,2,2,2,54.602490655982
"2699",0.876202382687479,0.507983154420508,0.0952841878833715,0.0569794145412743,2,2,2,100.383983434924
"2700",0.858383982115192,0.0724164713721257,0.709763101788703,0.57246218176675,2,2,2,25.2135287912568
"2701",0.493232807113091,0.423896599038271,0.141087345931446,0.0921660332754254,2,2,2,82.6724140888718
"2702",0.0763129616773222,0.713481905570952,0.634508498435607,0.112643860891694,2,2,2,115.619803415434
"2703",0.0984334066545125,0.85489004314295,0.877924240588909,0.756735474508023,2,2,2,132.253025146973
"2704",0.11031621072907,0.951501779212849,0.975894989582011,0.474424700052477,2,2,2,146.479396357242
"2705",0.0466586423059925,0.872065004939213,0.913631016524741,0.736485922950087,2,2,2,133.943073613151
"2706",0.2004236170894,0.801827096868074,0.773573060926283,0.968414487016853,2,2,2,126.813419667754
"2707",0.297640855184291,0.583832721101353,0.58551330901566,0.778959645307623,2,2,2,94.3955196316784
"2708",0.7740710777801,0.908975847150432,0.0647561847232282,0.401387599896407,2,2,2,198.141673507469
"2709",0.719554534696508,0.730323744748021,0.240915771469008,0.466144244521856,2,2,2,139.79383327282
"2710",0.92221991726663,0.727694090126315,0.880783651033416,0.684854516428895,2,2,2,108.591622184911
"2711",0.596328295470448,0.88442854754976,0.0760823841358069,0.906990144125884,2,2,2,190.939245407745
"2712",0.136897587117273,0.723470842108363,0.18221078378032,0.28613180276705,2,2,2,141.778828670774
"2713",0.47590062393574,0.648045583388302,0.736992861474864,0.511875129118562,2,2,2,99.9351416893115
"2714",0.338938767273212,0.471113034061855,0.41858549958095,0.997019526504446,2,2,2,81.1060503925449
"2715",0.775378781134496,0.173386727921898,0.369092776133912,0.253423620001413,2,2,2,39.851119380109
"2716",0.958214647878194,0.306241541475756,0.50714636418852,0.208739356342703,2,2,2,53.917607099157
"2717",0.300352970033418,0.702475316756172,0.177465357625624,0.978358884102199,2,2,2,137.738555116402
"2718",0.0580917585419957,0.0297220912913326,0.0804041287326254,0.743689656598726,2,2,2,28.1236920134498
"2719",0.98089246878284,0.699840570689412,0.769886719429633,0.0991519450768828,2,2,2,107.572287881197
"2720",0.118287456441903,0.0946785010653548,0.155886693060165,0.810983318618964,2,2,2,34.1933771669755
"2721",0.0336823385977186,0.599125206302851,0.811293295670766,0.333559744867962,2,2,2,89.1786293003171
"2722",0.788205123189837,0.921538258523215,0.756330027777003,0.46149692163337,2,2,2,151.621771114312
"2723",0.278698569359258,0.75183666184661,0.414555506189354,0.62165196122718,2,2,2,134.467792056995
"2724",0.843436083365232,0.349046752004651,0.98604211278609,0.29328930897871,2,2,2,50.2321569818891
"2725",0.442678035420831,0.0568132425076328,0.828165227812715,0.946332748834975,2,2,2,22.8682755339132
"2726",0.525231753983535,0.709904700844782,0.490640069176443,0.414487941003172,2,2,2,121.748875333155
"2727",0.763193843768677,0.485697662489256,0.598671109145507,0.881926568625495,2,2,2,77.766519516689
"2728",0.794530301548075,0.151794999164995,0.794319551767549,0.478783059584675,2,2,2,31.6856284408258
"2729",0.692322974201525,0.877077624854865,0.0512107224797364,0.346935293903807,2,2,2,190.528028843695
"2730",0.357892194201704,0.867255882456666,0.0146638259710744,0.592477829181589,2,2,2,191.566650011875
"2731",0.57294111646479,0.116833773471881,0.754419096654747,0.794792151883012,2,2,2,28.8031864820337
"2732",0.892784137676936,0.493887963624438,0.834905413911911,0.6338506735384,2,2,2,72.4585092087274
"2733",0.232619838018436,0.604994225644041,0.391242310813395,0.399265344454907,2,2,2,105.872920193573
"2734",0.00170961333089508,0.806020414330997,0.314294729314279,0.808004429679131,2,2,2,152.668156067254
"2735",0.998645683755167,0.41158257685951,0.231697288046125,0.509610790364677,2,2,2,77.377885471527
"2736",0.58043503263616,0.0603782742226031,0.347225069546839,0.787454630485736,2,2,2,27.8969683250764
"2737",0.0805817720911,0.642169455679832,0.703979620082537,0.637008436305914,2,2,2,100.164525687938
"2738",0.516596553213894,0.427982178236125,0.254044115260476,0.178710627277615,2,2,2,79.2834172916423
"2739",0.0279952473763842,0.11060302343918,0.544130358595867,0.380677057198482,2,2,2,30.539862958297
"2740",0.909832856379217,0.135985454256879,0.68257341982564,0.420541119428817,2,2,2,31.4218325183787
"2741",0.960319263101555,0.103382424034644,0.425955916142557,0.712292357443366,2,2,2,31.2852329209549
"2742",0.837058491308708,0.00201365104410797,0.546984591445653,0.910835213792743,2,2,2,20.6425834503842
"2743",0.903759423455922,0.224167312951759,0.149776053356472,0.193628672370687,2,2,2,50.7388799512793
"2744",0.941672698332695,0.339525636869948,0.448505726447329,0.196598658029689,2,2,2,59.8313941109827
"2745",0.0860623302916065,0.607103641198482,0.25784814652754,0.432078745549079,2,2,2,112.522374061394
"2746",0.468892180238618,0.372043203877984,0.553643027918879,0.819223182739224,2,2,2,61.9838291362637
"2747",0.0623484887974337,0.316191060803831,0.400987256494118,0.83961467934656,2,2,2,57.7649341465583
"2748",0.53015028573689,0.81357975841267,0.901686474810122,0.0667030440550297,2,2,2,122.894025108664
"2749",0.419604046744062,0.0516100491955876,0.857370939344401,0.568239470395492,2,2,2,22.2085472994477
"2750",0.123771240373608,0.142686966287438,0.0652743294090033,0.21545691262465,2,2,2,41.6303080918715
"2751",0.832995307580568,0.526737308058655,0.225520840047393,0.708660979130073,2,2,2,98.3708209913377
"2752",0.749647100488655,0.7633533883153,0.560438728518784,0.255174952867674,2,2,2,128.941503155792
"2753",0.740592852346599,0.162791116938461,0.37592918927432,0.229202287651133,2,2,2,38.4977692523809
"2754",0.714706971574342,0.480358773384942,0.0483217192057055,0.274509074199013,2,2,2,97.2837426485411
"2755",0.589283414467936,0.328581459765555,0.017057370049879,0.5518439185631,2,2,2,70.7674500569942
"2756",0.423912891424261,0.771332594536943,0.500759407705627,0.38505656680325,2,2,2,133.754278950275
"2757",0.496327269041212,0.254392377063632,0.800273354705423,0.158071946218843,2,2,2,42.2975655601529
"2758",0.288586083565606,0.567839923154097,0.298592633781955,0.584634668119252,2,2,2,102.953375731962
"2759",0.55648829904967,0.458388943236787,0.892429331012536,0.00046882652095519,2,2,2,65.9200696484113
"2760",0.753523000020068,0.175694566888269,0.110037905370118,0.928002234346932,2,2,2,45.083279945737
"2761",0.758165332882199,0.653986011566594,0.264040856205393,0.323523355523357,2,2,2,121.775431082061
"2762",0.709584778997814,0.792771746463841,0.896245495242765,0.970409454144537,2,2,2,119.801269337005
"2763",0.53733580338303,0.674029081291519,0.128325341296149,0.235825358907459,2,2,2,133.884100066828
"2764",0.629401360511547,0.885606714658206,0.78952440234134,0.104012436954072,2,2,2,142.060997774443
"2765",0.886826616288163,0.634695547054289,0.849512279654155,0.00608114347443916,2,2,2,93.5695440756056
"2766",0.0919086513668299,0.65850939363474,0.924913647630019,0.459438447137363,2,2,2,95.2374536475951
"2767",0.406247157542966,0.330395582461497,0.319701990463072,0.849283187439432,2,2,2,61.8755689106731
"2768",0.194877455433598,0.780503592733294,0.00533512665424496,0.136093442414422,2,2,2,168.441059700123
"2769",0.282237716541858,0.934161871236283,0.161493954269681,0.166640736799454,2,2,2,195.68694332735
"2770",0.387610746260034,0.147374237767654,0.187715882295743,0.367690719245002,2,2,2,39.8940072229943
"2771",0.641328901906963,0.274223516522907,0.205786061880644,0.723397728631971,2,2,2,56.5693186239876
"2772",0.540975829330273,0.156237783744,0.689797355851624,0.557432648675749,2,2,2,33.3667723598033
"2773",0.0449441421136726,0.73950037223869,0.954319401088869,0.599009394688765,2,2,2,107.90711905636
"2774",0.309736801948165,0.448952892739326,0.622784315948375,0.89053139287862,2,2,2,71.4383053400078
"2775",0.632189144754084,0.340297929805238,0.466386927933199,0.876541669139406,2,2,2,59.602049325203
"2776",0.210608286503702,0.287415414393181,0.915419306179974,0.752182803503238,2,2,2,44.3046780815399
"2777",0.349712514051935,0.675541224172339,0.956189868081128,0.170962145351805,2,2,2,96.8796970582732
"2778",0.401797470306046,0.2798330766859,0.222649908944732,0.982348408217076,2,2,2,56.977980836829
"2779",0.807760580752511,0.0754566871828865,0.363503303268226,0.725901519755134,2,2,2,29.2121072119951
"2780",0.225646556466818,0.186158822656143,0.103739124721615,0.613545069298707,2,2,2,46.6056838287291
"2781",0.461926876539364,0.972924172771163,0.422691825492075,0.486175753265852,2,2,2,184.83607091559
"2782",0.035491801945027,0.131528860641411,0.484755259909434,0.390107154169818,2,2,2,33.4432448095832
"2783",0.483311775542097,0.611674264607718,0.717472450349014,0.0238482135091908,2,2,2,94.1802905724698
"2784",0.699125820568297,0.258148318328895,0.865509153177263,0.858389267295133,2,2,2,41.7988198239848
"2785",0.328250723008532,0.168242976452457,0.399312940076925,0.764266240324359,2,2,2,38.784391866464
"2786",0.133087058279198,0.377246038872981,0.539412389289355,0.745450545429485,2,2,2,63.0650239325008
"2787",0.510196445620386,0.686379224724369,0.270937274625758,0.340966250411002,2,2,2,128.27287158485
"2788",0.0724049281387124,0.552498450529529,0.286295190219535,0.299847296902444,2,2,2,100.449587668194
"2789",0.524717044607969,0.825993860781891,0.430573806207394,0.0814068649767432,2,2,2,149.184609319432
"2790",0.669156361959176,0.415553878343198,0.131521046960261,0.234524704337819,2,2,2,81.6152178157583
"2791",0.17803760041832,0.0138455932820216,0.248856842950918,0.279086349331774,2,2,2,24.4748318045461
"2792",0.0190439448971301,0.210059794522822,0.576517198169604,0.0359691844135523,2,2,2,40.7174286091705
"2793",0.452085098362295,0.666652266628807,0.461117084284779,0.6414518163912,2,2,2,114.720558119007
"2794",0.1981183995842,0.40213305696263,0.523856157436967,0.267859483874636,2,2,2,67.0060218114735
"2795",0.140149312391877,0.967015961186262,0.607557383789681,0.772236227286048,2,2,2,170.78195801984
"2796",0.362780684987083,0.388197663630126,0.335584030823084,0.667054107132135,2,2,2,70.2507438079161
"2797",0.593069133348763,0.367981650967849,0.627112142415717,0.718018491193652,2,2,2,59.687563518408
"2798",0.917037200379418,0.824536939465906,0.642748179631308,0.122167690210044,2,2,2,137.097198460211
"2799",0.910948985170107,0.0154609823646024,0.872029188978486,0.0312639913370367,2,2,2,19.2869513654336
"2800",0.311812616680982,0.546190071337624,0.995834197974764,0.283353280563606,2,2,2,75.8756328290204
"2801",0.483678365396336,0.681032934298273,0.990425150502706,0.773109810239403,3,2,2,111.147453853044
"2802",0.951164183440851,0.970422822601395,0.941403181205969,0.785248455674155,3,2,2,174.65823537396
"2803",0.246979452255182,0.527080159340985,0.067080446301261,0.517868908206001,3,2,2,121.430638370467
"2804",0.996119880755432,0.568899984204909,0.825909188560909,0.968596890418557,3,2,2,96.4499908013992
"2805",0.860831734361127,0.450805518404813,0.69991933687008,0.63198079591617,3,2,2,79.8798284628875
"2806",0.589533279566094,0.819389657791471,0.845041364020435,0.587459939721739,3,2,2,145.463763683384
"2807",0.757863935669884,0.809964050777489,0.160426700669341,0.826266963327071,3,2,2,188.622178648938
"2808",0.713091391519411,0.850118132043863,0.168647434044396,0.812792822989868,3,2,2,199.493745713621
"2809",0.519740165990079,0.211903765463503,0.783207967644557,0.707451046291972,3,2,2,43.5266494629059
"2810",0.949764170220587,0.754688507202081,0.664229599013925,0.483993773427792,3,2,2,140.4429187505
"2811",0.928538803507108,0.339694078353932,0.807204996711807,0.756256664798129,3,2,2,59.9936788295286
"2812",0.270593453166075,0.264050260427175,0.150183712391881,0.470907391868532,3,2,2,64.7957670101754
"2813",0.439960323227569,0.558170370444423,0.762930014985614,0.494890989070991,3,2,2,96.5608035761904
"2814",0.882245679327752,0.954626901065931,0.89078527786769,0.859486400468741,3,2,2,173.975001450799
"2815",0.210389131032862,0.428401097543538,0.742349719818449,0.744236040533287,3,2,2,75.0172531839981
"2816",0.240226274918532,0.855047626070445,0.717390146075049,0.816044861746486,3,2,2,160.66869318837
"2817",0.725701930948999,0.161718581495807,0.899275821163319,0.975239911045646,3,2,2,36.122627081636
"2818",0.395678616556106,0.0321892506221775,0.438043059580959,0.333915688996203,3,2,2,27.7800882857455
"2819",0.0898011009732727,0.741200892778579,0.234884098764742,0.0773643348249607,3,2,2,163.145811526127
"2820",0.486195963689825,0.8309640294977,0.643049378192518,0.386978663519258,3,2,2,159.055185718645
"2821",0.604086409958545,0.0128453330392949,0.548973920647986,0.988464355661999,3,2,2,24.6916623374906
"2822",0.345464800428599,0.369315829318948,0.691717792688869,0.208607540032826,3,2,2,66.9495466842625
"2823",0.762190718593774,0.387999859321862,0.340248830562923,0.322391720609739,3,2,2,80.3097535253438
"2824",0.932213971635792,0.173928809897043,0.100325449731899,0.693091495260596,3,2,2,51.6656822327163
"2825",0.147431539909448,0.223083350814413,0.145055960310856,0.926804085315671,3,2,2,58.2372779147792
"2826",0.808365181523841,0.304961504345993,0.932669256327208,0.508296993017429,3,2,2,52.7727839812175
"2827",0.0335409981000703,0.760510259864386,0.400269284208771,0.850065738579724,3,2,2,157.43696466817
"2828",0.201952379046706,0.318005910258507,0.278166084109107,0.00972436234238558,3,2,2,69.9675296081469
"2829",0.795263963600155,0.481837666863576,0.0947331163822673,0.717292455417337,3,2,2,109.644807251294
"2830",0.166361886863597,0.840302122763824,0.544935267376713,0.0946097667352296,3,2,2,167.053277052556
"2831",0.356942540133605,0.985124741048785,0.962174390214495,0.562915221317671,3,2,2,176.715045586797
"2832",0.337575346953236,0.0507032019214239,0.76625815863139,0.204650748485001,3,2,2,26.2157778616332
"2833",0.228310641099233,0.932591661366168,0.833066376943607,0.270364689278649,3,2,2,171.653597110523
"2834",0.785217537612189,0.477866393448785,0.139585092932684,0.874955503930105,3,2,2,106.539999800119
"2835",0.198437642030185,0.943055501129711,0.852453689367976,0.39065318419598,3,2,2,173.11763983627
"2836",0.26826422013808,0.203597425608896,0.515219300288009,0.465017851968296,3,2,2,47.0213862595156
"2837",0.490752888125135,0.865912924219156,0.365134170276579,0.729967276877724,3,2,2,187.263728727657
"2838",0.0656576041050721,0.787755156273488,0.0601075103820767,0.534257126507582,3,2,2,190.844163669952
"2839",0.753450157160405,0.269822197537869,0.144906351512764,0.0334619890362956,3,2,2,65.8449175561243
"2840",0.681294736680575,0.209707711440278,0.871449606305687,0.00412101794383489,3,2,2,41.8791116475918
"2841",0.0198915217828471,0.0716671804711223,0.225193973650457,0.644665177289862,3,2,2,35.117644162608
"2842",0.940410892558284,0.490405108977575,0.172697049776325,0.0987401058932301,3,2,2,107.297224131255
"2843",0.0533437393791974,0.990572295576567,0.0105777611560188,0.95476271852036,3,2,2,261.743658834383
"2844",0.609460082781734,0.249482028067578,0.449415846110787,0.597338482515188,3,2,2,54.7763745876819
"2845",0.533275083728368,0.642139572647866,0.0852247960178647,0.68946288138628,3,2,2,148.749009134593
"2846",0.334456308948575,0.9465807575488,0.0757828352088109,0.407372860171599,3,2,2,238.166618379528
"2847",0.967397323952755,0.722839536926476,0.879029998780461,0.142028057489078,3,2,2,123.346862081373
"2848",0.675340813533403,0.700027899341658,0.95846042453777,0.0372608785249759,3,2,2,115.57975577377
"2849",0.385043057008879,0.791617809614399,0.314891592741478,0.780099489653949,3,2,2,171.245197546875
"2850",0.956294810769614,0.362643043011194,0.968190870539984,0.651036524242954,3,2,2,59.8741225083042
"2851",0.134614801831776,0.891231859552208,0.443002203706419,0.862688247115584,3,2,2,188.183833123973
"2852",0.563921712985029,0.958599568862701,0.754224208713276,0.193266463932814,3,2,2,182.789258202271
"2853",0.824786186960991,0.651309281910071,0.280954854822485,0.452963992322329,3,2,2,138.11337030573
"2854",0.544313301156508,0.600398793289205,0.526046153486241,0.214566149784951,3,2,2,113.956075048047
"2855",0.278645286544925,0.824631596490508,0.902249405725161,0.678612014024984,3,2,2,143.798018324987
"2856",0.452383269540733,0.0932349166634958,0.561401948092971,0.384351493583526,3,2,2,32.8481244001805
"2857",0.628546827937243,0.699043622292811,0.57987022636109,0.0228097545704804,3,2,2,132.137341989158
"2858",0.976261806385592,0.461451723319478,0.218868996483507,0.0833885507693049,3,2,2,99.0619140501676
"2859",0.315404341460671,0.327701236847788,0.667721869421657,0.35044454826857,3,2,2,61.2862633097312
"2860",0.0227646395959891,0.495816439543851,0.358834816614399,0.235626331096282,3,2,2,100.039278573284
"2861",0.813944897945039,0.506693193917163,0.333736501819221,0.606775627633324,3,2,2,103.462049202416
"2862",0.426898228506325,0.179946976447245,0.044008605707204,0.503170959936688,3,2,2,54.017772645126
"2863",0.0279846629546955,0.466593645877438,0.306384343641112,0.668340184211265,3,2,2,96.565324511683
"2864",0.630902457295451,0.0464242107712198,0.430349476037081,0.457819654770428,3,2,2,29.3800789876213
"2865",0.653814105703495,0.66598120823619,0.759274440096924,0.16104268336785,3,2,2,117.07239991827
"2866",0.610959700482199,0.964037366019329,0.272111360536655,0.670068179226946,3,2,2,223.480625001953
"2867",0.735190787380561,0.236382254889468,0.812876906035235,0.246084180594189,3,2,2,46.0392149900929
"2868",0.65968681678758,0.437320834340062,0.350309054609388,0.704948258510558,3,2,2,89.1495141599236
"2869",0.83327503746259,0.795936009105062,0.550825896112947,0.306404464768711,3,2,2,156.19038063583
"2870",0.500530370580964,0.89850481089321,0.840370503059821,0.820166658436647,3,2,2,163.712253265057
"2871",0.815221801497974,0.231942379036918,0.63094120579306,0.119288886816939,3,2,2,48.6068747294339
"2872",0.235447648583213,0.357838013028959,0.599734337602276,0.122590571986511,3,2,2,67.4764118347523
"2873",0.0371906445734203,0.550691954379436,0.620754241562681,0.584686422593659,3,2,2,100.372073936243
"2874",0.526010634684935,0.874683893818874,0.183636962808669,0.0515309452300426,3,2,2,204.150915436409
"2875",0.320513389476109,0.199179798979312,0.214112421195023,0.42000618857448,3,2,2,52.7247059760302
"2876",0.720489896541694,0.776739823766984,0.952856462156633,0.972237706242595,3,2,2,131.496222526562
"2877",0.43206652674824,0.485415389775299,0.771516270046122,0.2403893888928,3,2,2,83.4688465386907
"2878",0.380695282140514,0.586368955909275,0.124274748504395,0.637152092086617,3,2,2,132.18506385081
"2879",0.870007267395267,0.88144353730022,0.259461375128012,0.579164934228174,3,2,2,200.212020660163
"2880",0.470081693553366,0.926943327719346,0.793616896028398,0.906043476497289,3,2,2,173.27265818705
"2881",0.00427839049836621,0.634140010816045,0.0354178220138419,0.568711170019815,3,2,2,150.171057641178
"2882",0.716083694809349,0.998845197203336,0.929546894958476,0.764557177957613,3,2,2,182.131199059843
"2883",0.18082144791726,0.0289512354345061,0.361672424636781,0.417895543739432,3,2,2,28.332211529897
"2884",0.352042416435434,0.0826235412876122,0.864783548843116,0.0878546574583743,3,2,2,28.3244697831247
"2885",0.619833338232711,0.394031692856224,0.29009388181963,0.463598061481025,3,2,2,83.2098940440045
"2886",0.253265533261001,0.0378198529756628,0.200228058238281,0.724411112087546,3,2,2,31.4432810395925
"2887",0.551763815737795,0.546386948311701,0.465955987656489,0.171057779196417,3,2,2,105.587584966637
"2888",0.803712899202947,0.706026047457708,0.387457268665312,0.943067951133708,3,2,2,145.017770674877
"2889",0.889172745747492,0.984967094869353,0.587021483174758,0.197685464418028,3,2,2,201.459789255341
"2890",0.0918867659219541,0.748901689926861,0.998814207596006,0.166816357874777,3,2,2,123.540940363549
"2891",0.841036496531451,0.167076352286385,0.175617043400416,0.512589245877461,3,2,2,48.8623412366423
"2892",0.217188248398015,0.307646140755387,0.581112197818002,0.745744806091534,3,2,2,60.3605271505602
"2893",0.1724358108046,0.93937877292512,0.78983696561656,0.897142322292784,3,2,2,176.513809060744
"2894",0.639370581785915,0.918369072383503,0.949940766802756,0.359728192457696,3,2,2,161.794330876895
"2895",0.106870284655597,0.780467965779826,0.645421200703131,0.617193686943501,3,2,2,147.347473456665
"2896",0.986655080465134,0.675014494521311,0.0213500056008343,0.147613820519764,3,2,2,161.7680627564
"2897",0.361955680502579,0.418425874041859,0.804162425349932,0.288167956112884,3,2,2,71.7278762164256
"2898",0.790909879526589,0.521279636924155,0.221298387718853,0.574509316025069,3,2,2,111.810405060569
"2899",0.135074794813991,0.885506310363999,0.105156423336593,0.627520265001804,3,2,2,216.036195694813
"2900",0.743032742287032,0.334609168116003,0.886037313347915,0.0270923249248881,3,2,2,57.5579659928444
"2901",0.692701851982856,0.595588034448447,0.472810902318452,0.445783399441279,3,2,2,115.509445789139
"2902",0.513648645568173,0.413809476194438,0.0833076991466805,0.222742910935776,3,2,2,95.4024641806946
"2903",0.0556325595057569,0.114987265579402,0.41368926353287,0.430401172481943,3,2,2,37.4533313315716
"2904",0.283389704880537,0.131449466586346,0.0534399364702404,0.538810970651684,3,2,2,46.3954839971023
"2905",0.623436290581012,0.710889984191163,0.797221203290392,0.128053015974583,3,2,2,124.462630950016
"2906",0.206756754314993,0.837900015991181,0.238867027706001,0.525366344830254,3,2,2,189.558566483157
"2907",0.64958408190636,0.879983721172903,0.462198992222548,0.41430802426883,3,2,2,183.319564147605
"2908",0.459634029838489,0.123407102879137,0.205064851904754,0.91604516145424,3,2,2,42.1402257358176
"2909",0.40945757399546,0.655566711885622,0.817630235333927,0.267169538571034,3,2,2,112.707870433722
"2910",0.509932524851756,0.649067540251417,0.604663063668413,0.958818624659907,3,2,2,120.797769263645
"2911",0.403032906611916,0.136906368864002,0.455880904134829,0.558556867935695,3,2,2,39.4829229305873
"2912",0.913570964416722,0.115125937688863,0.0552282986824866,0.998171005975455,3,2,2,44.0187132710272
"2913",0.442509468615754,0.217068614566233,0.568656351853861,0.848589906889247,3,2,2,47.8466247323205
"2914",0.9223937418079,0.241941572560463,0.738453858377179,0.27635232996312,3,2,2,48.0040453547697
"2915",0.877274289069464,0.637234217511723,0.408558626769809,0.939444608689519,3,2,2,127.908974879721
"2916",0.707601680353982,0.625449119069381,0.521216447389452,0.435067583569326,3,2,2,119.519886955246
"2917",0.535366874458268,0.470784992463887,0.116705459796358,0.8075991915341,3,2,2,106.121479947952
"2918",0.231264599618735,0.501443987028906,0.97821572539513,0.879282447649166,3,2,2,80.3742751633286
"2919",0.164881063818466,0.152180232187966,0.914176335390657,0.369445672215661,3,2,2,34.8895787834112
"2920",0.084999641868053,0.399023861255264,0.918925738655962,0.179504865696654,3,2,2,66.0285886413007
"2921",0.569793369385879,0.96802745148656,0.323479788261466,0.396364492715802,3,2,2,219.360063827994
"2922",0.778980613444,0.672974066284951,0.609109752200311,0.478473199427826,3,2,2,125.436991746274
"2923",0.938195294593461,0.73174619317404,0.125511440621922,0.362521805892466,3,2,2,169.253262268271
"2924",0.446313317316817,0.687925711241551,0.250110229660058,0.548667084873887,3,2,2,149.03300351801
"2925",0.571076089967974,0.560868723955937,0.246407654697541,0.110985729392851,3,2,2,118.97981789985
"2926",0.852710762547795,0.729875906945672,0.572009689352708,0.55236985025811,3,2,2,139.827908568998
"2927",0.890156301521929,0.184499679511646,0.370308305536164,0.326765754404478,3,2,2,47.2112815713079
"2928",0.522613708183635,0.253594755769009,0.158732264044229,0.960208073465619,3,2,2,62.8450138383404
"2929",0.142145312095527,0.0436047453538049,0.0315659307630267,0.767486537710065,3,2,2,34.7855606742254
"2930",0.0474845477100462,0.286768940658076,0.0296209615468979,0.594856744582066,3,2,2,72.7756169648775
"2931",0.78262548192637,0.257968288999982,0.391772872549482,0.622271134065231,3,2,2,57.368523773861
"2932",0.826322156755486,0.148304854579037,0.679706888652872,0.188927862119162,3,2,2,37.4749017133833
"2933",0.373711514107417,0.591205340161687,0.347344228175934,0.0439167449332308,3,2,2,120.400588588618
"2934",0.0112064180360176,0.863436503933044,0.639368786588311,0.404784701509634,3,2,2,167.084659075553
"2935",0.411309395519784,0.432416508508613,0.67210988515988,0.697810757119441,3,2,2,77.6391521156613
"2936",0.0415810988249723,0.344059987986693,0.749569591134787,0.656867299017031,3,2,2,61.8736706552033
"2937",0.185663520853268,0.00607084457296878,0.195606547110947,0.251416214730125,3,2,2,27.8906477637119
"2938",0.259601789970184,0.320801900646184,0.384253119704081,0.949880147960503,3,2,2,67.4882651052336
"2939",0.90773892074707,0.804233319091145,0.721653417173075,0.313624972101534,3,2,2,148.348453774634
"2940",0.856978090164484,0.0969050550682004,0.507749537028139,0.377464444737416,3,2,2,33.9646354651491
"2941",0.419672561065527,0.406445980423596,0.923350880538346,0.182922033480136,3,2,2,67.0180822908131
"2942",0.262835555634229,0.281274490726646,0.288441212793114,0.347609699858585,3,2,2,63.6425854706717
"2943",0.191632899978431,0.0863097395317163,0.32639388386975,0.712160467263311,3,2,2,35.3349090749142
"2944",0.556646794300759,0.530568527268479,0.702634890184272,0.134237318093656,3,2,2,93.5119499376757
"2945",0.688884526741458,0.922772813945776,0.267644842403242,0.904363444184419,3,2,2,211.84824699991
"2946",0.0649984695902094,0.61420586069813,0.496678139935248,0.793904059483903,3,2,2,118.450379863749
"2947",0.640518343693111,0.108461336549371,0.111702348961262,0.912174236621941,3,2,2,41.91885937418
"2948",0.581632593862014,0.00131009442615323,0.865630288325483,0.994480602092808,3,2,2,20.9899167228515
"2949",0.992251885887235,0.584278452506987,0.416327833688119,0.868639005476143,3,2,2,115.939328217435
"2950",0.461660019468982,0.370185470381984,0.303464149456704,0.750839810635662,3,2,2,78.4472400662027
"2951",0.704974529563915,0.810807870557765,0.189069235264324,0.68236127905664,3,2,2,186.2896178853
"2952",0.672585181235336,0.12869666475337,0.425210159247508,0.496120971919736,3,2,2,38.9560534653013
"2953",0.298191368273692,0.0192797397868708,0.837136242254637,0.0117313495418057,3,2,2,22.7265996624002
"2954",0.837966452249093,0.913984254109673,0.296396090349881,0.843859077364905,3,2,2,206.6102806511
"2955",0.901331307876389,0.757373816740001,0.482300819808152,0.889390292837052,3,2,2,151.539727554626
"2956",0.129554834485753,0.383695291577606,0.821721171648242,0.541345582905924,3,2,2,66.0578192526952
"2957",0.730361278209603,0.190173132087803,0.00504021588130854,0.0671180243266281,3,2,2,56.6629384661796
"2958",0.663111288635992,0.771442927644821,0.512086639119079,0.151104642983992,3,2,2,152.523223300338
"2959",0.595310056973249,0.849767736846115,0.0452838475909084,0.604157838335959,3,2,2,211.057185974074
"2960",0.124073013919406,0.0204023732920177,0.987970902896486,0.983463427695679,3,2,2,21.6922627460091
"2961",0.00628890348714776,0.299578388388036,0.241352542095119,0.73793155615218,3,2,2,68.1007753993414
"2962",0.379602462503826,0.377650087096263,0.532602882249048,0.442091473642504,3,2,2,72.5508824780745
"2963",0.302758040893823,0.903199190425221,0.775755036976188,0.776313529033214,3,2,2,168.581960364643
"2964",0.746305417580297,0.621230314938584,0.536693695287686,0.881680412509013,3,2,2,118.087614376734
"2965",0.343148786787642,0.719962723591598,0.610954318292206,0.836716627433198,3,2,2,135.70063940483
"2966",0.919667523561511,0.44237637213897,0.984985413796967,0.103381642748136,3,2,2,70.9007236004703
"2967",0.179613923205761,0.739821727237431,0.70595613713027,0.428631352941738,3,2,2,135.024490414215
"2968",0.113751164023997,0.445601731805364,0.500920649884501,0.731225420773262,3,2,2,85.289575416145
"2969",0.392063794217538,0.0797605251311325,0.594416221276624,0.108398511215346,3,2,2,30.964321781488
"2970",0.9642884314619,0.619620388062904,0.725837962968508,0.37261734536849,3,2,2,109.442283548205
"2971",0.118315569697879,0.692615584476152,0.477904150612885,0.318335743776988,3,2,2,136.342852896615
"2972",0.475460254854988,0.45681099524023,0.558538381184917,0.230637272460153,3,2,2,85.2293170373231
"2973",0.072070078101242,0.293736670988146,0.0177020015241578,0.4859196188848,3,2,2,74.4813715118716
"2974",0.329786652527982,0.519029210216831,0.261050410929602,0.258043272373034,3,2,2,109.23412276613
"2975",0.578992288178997,0.571682033820543,0.493212183311116,0.0611986032035202,3,2,2,109.441238830112
"2976",0.849393652797444,0.142327694122214,0.399985639241058,0.893219686942175,3,2,2,41.1049025768083
"2977",0.0974873347417451,0.514195730447536,0.42001883859979,0.26349484706996,3,2,2,101.149327518263
"2978",0.769584867854137,0.313356336337747,0.617159323573578,0.217567360658431,3,2,2,60.3054583649639
"2979",0.306037229172653,0.0639762436167803,0.713522452141624,0.298263772370992,3,2,2,28.0290394576476
"2980",0.367653101598844,0.0580136384663638,0.488384394738823,0.303803021017229,3,2,2,29.918468892647
"2981",0.549912317337003,0.664659733353183,0.656913875316968,0.0585577034868766,3,2,2,121.187000694465
"2982",0.665279511774424,0.537028826014139,0.190995035804808,0.226990363622317,3,2,2,116.66817705671
"2983",0.465526128746569,0.188017989245709,0.650027928513009,0.344348477274179,3,2,2,42.6771955546064
"2984",0.866889803643571,0.354691489181714,0.339068055552198,0.611841508049983,3,2,2,74.5195002254898
"2985",0.29353004515986,0.907292717548553,0.683746461044066,0.93064285534434,3,2,2,175.43004155798
"2986",0.101412520405138,0.575411516807508,0.131935080107069,0.661546817445196,3,2,2,129.098041408995
"2987",0.971528051644564,0.976976129014511,0.880814089991618,0.135241501996061,3,2,2,179.140125129126
"2988",0.313196342436131,0.226453423103085,0.625589731930522,0.0742231347062625,3,2,2,47.9741610789692
"2989",0.498926292816177,0.424766767229885,0.0703563944122288,0.0153210804448463,3,2,2,98.1833885235368
"2990",0.772099276683293,0.275373204743955,0.00138336239964701,0.522140515944921,3,2,2,71.672153707702
"2991",0.59159867695882,0.27115355014219,0.0991562221792992,0.83318452783511,3,2,2,67.6478327283984
"2992",0.22022780557978,0.0693030404183082,0.859607133232057,0.796437595017487,3,2,2,27.1160556179971
"2993",0.421773071188945,0.825658283267403,0.318019658251433,0.28229484395124,3,2,2,179.555600726103
"2994",0.983867994250031,0.404321219819831,0.686492901819292,0.294583454565145,3,2,2,72.5847169565035
"2995",0.899918948274571,0.103929386403179,0.970532012156909,0.155867782784626,3,2,2,29.3517398742236
"2996",0.0764160379185341,0.348694461149862,0.450409858938074,0.335360610627104,3,2,2,70.1071025996471
"2997",0.155478115589358,0.606227557548555,0.732947797188535,0.923349484627834,3,2,2,106.759321287312
"2998",0.285946450367337,0.159834627199452,0.939526043917285,0.803266218886711,3,2,2,35.4215831048128
"2999",0.698422046123305,0.542943009914598,0.378909484389005,0.048182652668329,3,2,2,108.625785378787
"3000",0.152435214770958,0.767140234839171,0.907012636524159,0.648337523223599,3,2,2,131.435477474135
"3001",0.498412360791117,0.0868077970249578,0.783656051218277,0.965002580226865,1,3,2,22.005004340465
"3002",0.374245211932575,0.0555284663580824,0.454210508507676,0.902301287511364,1,3,2,22.3673185928527
"3003",0.623886334848357,0.459760381348897,0.970751599571668,0.14218903311179,1,3,2,54.9268121148115
"3004",0.930713965083705,0.756789652685402,0.392873103016755,0.542817950628232,1,3,2,116.535444381948
"3005",0.292683628579834,0.665992451771162,0.522739082204644,0.131443894233089,1,3,2,95.0766232762671
"3006",0.00790314892306924,0.0516667416982818,0.440893354489235,0.0371601413202006,1,3,2,22.1545517970025
"3007",0.24133140349295,0.988881543551106,0.266219431281788,0.860790906531038,1,3,2,172.324762269819
"3008",0.012251103897579,0.747080347350566,0.82105146415066,0.00637697490979917,1,3,2,97.1432225604248
"3009",0.0397863206232432,0.427031684421236,0.402365515951533,0.33040179995005,1,3,2,63.3636546153864
"3010",0.284468922909582,0.7008350738429,0.415704096519621,0.418548557673348,1,3,2,105.405274015685
"3011",0.981417378584156,0.793570937819313,0.63336965297698,0.227428044966655,1,3,2,112.006719177278
"3012",0.632386013903888,0.258039083934855,0.836493809832027,0.775122764655389,1,3,2,35.9971735797745
"3013",0.643850306046661,0.19147300826502,0.201254924843088,0.691164166941307,1,3,2,38.5838993130592
"3014",0.144384946505306,0.461447789609665,0.652017252140213,0.697671742960811,1,3,2,61.8162806992477
"3015",0.206260568614816,0.687850980161456,0.37861299179378,0.612343143866165,1,3,2,104.849732961127
"3016",0.889159888052382,0.299902034291299,0.613802312456537,0.497476864681812,1,3,2,43.4535245715217
"3017",0.614023914702702,0.516083548023598,0.880604453159031,0.493915026817704,1,3,2,63.5210277203417
"3018",0.771403434651438,0.912991635525832,0.197877820157446,0.745305665429914,1,3,2,160.053330420125
"3019",0.56874585694517,0.37292040913715,0.920589059996419,0.56627887597424,1,3,2,46.3101031420136
"3020",0.365293807556154,0.260132593370508,0.53655700607691,0.468983863000758,1,3,2,40.442225476993
"3021",0.769641766032437,0.394977853418095,0.963049845157657,0.535255038279574,1,3,2,47.9733145843123
"3022",0.128538112945389,0.630472058599116,0.655286780466558,0.252573986290954,1,3,2,85.05852095836
"3023",0.462565024065552,0.542988596422365,0.489634192773374,0.923561766499188,1,3,2,77.4519946847581
"3024",0.377589963581413,0.0264409193373285,0.0910505268350244,0.0412618591450155,1,3,2,23.5463133243972
"3025",0.212435563895851,0.59547654850292,0.511456308661727,0.0987446664762683,1,3,2,84.372019459022
"3026",0.860322501780465,0.67750421216595,0.325511993898544,0.815180372726172,1,3,2,105.462923039417
"3027",0.13298186210799,0.72633746554493,0.765583123979159,0.65827307219035,1,3,2,96.1983436117377
"3028",0.48754815059714,0.618647621289128,0.533961806796724,0.57402475399198,1,3,2,87.3873256708586
"3029",0.336478560245596,0.375797343566082,0.484710049571004,0.204670631795889,1,3,2,54.6965056967482
"3030",0.595929519117344,0.250766044121701,0.690263823352288,0.769270432690391,1,3,2,37.2253965772121
"3031",0.733745408365503,0.52471380284871,0.156344625232741,0.476301629716763,1,3,2,86.1394307639031
"3032",0.942780362920603,0.327703804947669,0.759022623439087,0.174547461251495,1,3,2,44.0383886639043
"3033",0.160195437923539,0.208515705736354,0.116365931524197,0.64896960695507,1,3,2,42.120199914136
"3034",0.0154394141072407,0.831428673298797,0.432464082904626,0.392295559401391,1,3,2,128.423944628103
"3035",0.869698436212493,0.314431112322491,0.802232555212686,0.582630206141621,1,3,2,42.0294231008407
"3036",0.533975555878133,0.48330773695372,0.791149339854019,0.799057593998732,1,3,2,61.4521996264367
"3037",0.0661476559657603,0.775151758469874,0.933700163963949,0.376036458276212,1,3,2,97.9130635525737
"3038",0.832631397038931,0.385977213423466,0.497213578441879,0.0868370097444858,1,3,2,55.661955670058
"3039",0.704796886112308,0.945531874805456,0.424513388542691,0.188723300567362,1,3,2,151.307529184269
"3040",0.66212011531461,0.203030642686645,0.953750612424919,0.37364244160708,1,3,2,29.7299303575857
"3041",0.0646118145005312,0.836119593463372,0.863065980225801,0.830978722362779,1,3,2,110.272262069358
"3042",0.11852956939023,0.71374608599348,0.175812742593698,0.842254621374886,1,3,2,119.664125260166
"3043",0.763853650718229,0.785347099739592,0.0652441162103787,0.589928307982627,1,3,2,141.002868507977
"3044",0.695950158117339,0.0822734663821757,0.0549358726560604,0.929439294261392,1,3,2,29.3343850146965
"3045",0.693066392233595,0.404538523692172,0.977481160530588,0.443825145947048,1,3,2,48.7527620023991
"3046",0.315315080813598,0.412864230006235,0.903618588178651,0.897690324689029,1,3,2,50.9555135527922
"3047",0.235886077668983,0.605741992868716,0.154631004686235,0.3119537438103,1,3,2,100.17995211257
"3048",0.454775487658335,0.902948325532488,0.367374778452795,0.455695887296461,1,3,2,146.366194370359
"3049",0.669091701201396,0.288057490151841,0.319408049485646,0.848993017505854,1,3,2,47.5452410509925
"3050",0.726189466537908,0.0953851478430442,0.341383007105906,0.223221532879397,1,3,2,26.8984703298981
"3051",0.506605649399571,0.890400698223384,0.647238864180399,0.813157049075235,1,3,2,128.983541453356
"3052",0.893223868475761,0.698721997203538,0.241798953437246,0.323563092880649,1,3,2,113.042688992012
"3053",0.713337254310027,0.302879573345417,0.167541261654114,0.554088373731356,1,3,2,52.757774667656
"3054",0.658496514850995,0.0650398057233542,0.387423794933129,0.0764845960354432,1,3,2,23.7599387966412
"3055",0.999894647925394,0.185858018700965,0.413647525196429,0.62845092681353,1,3,2,34.6265849199556
"3056",0.969901931381319,0.966399633421097,0.305848716553301,0.248201137906872,1,3,2,163.63494274165
"3057",0.683783700533677,0.798525729174726,0.879374016863294,0.676469292711699,1,3,2,103.550413952216
"3058",0.0906160330958664,0.990573324467987,0.725467004955281,0.209633880003821,1,3,2,143.264122983214
"3059",0.195754365831381,0.324065747790737,0.572343874940416,0.995754414533731,1,3,2,46.8899015586026
"3060",0.899358446709812,0.381471434023697,0.848862872349564,0.673019682298182,1,3,2,48.4134340116672
"3061",0.56358146999497,0.149560317306314,0.892892125267535,0.919660025188932,1,3,2,25.9375727671749
"3062",0.320441849275958,0.647159231712576,0.945543614096241,0.782062112698331,1,3,2,79.159201530834
"3063",0.31248322600848,0.317220161188161,0.173194582967553,0.446839138866635,1,3,2,54.4943513854969
"3064",0.873290854913648,0.238826127423672,0.207671653601574,0.975631085957866,1,3,2,43.923377478403
"3065",0.138278600869235,0.845334081253968,0.785377582637593,0.431598246325739,1,3,2,114.669151175934
"3066",0.850244714634027,0.294035732849734,0.298964719835203,0.0112834205571562,1,3,2,48.5831906472407
"3067",0.302640487644821,0.635089308905881,0.102368181851925,0.28091955666896,1,3,2,108.094820385449
"3068",0.418166184342699,0.739155285333982,0.96738676618319,0.728696720256703,1,3,2,91.5939551904243
"3069",0.191182818097295,0.441366346427239,0.139391872981796,0.942159850195749,1,3,2,73.4428881907476
"3070",0.388680741620483,0.105488913177978,0.478140389018226,0.117943187756464,1,3,2,26.280096040085
"3071",0.271044120430015,0.889847592797596,0.626220727970358,0.575025719415862,1,3,2,129.753938355627
"3072",0.0249884330062196,0.436340729866643,0.740099924592068,0.154504445863422,1,3,2,56.6716722059415
"3073",0.448892702010926,0.611991809720639,0.885001109044533,0.954618878227193,1,3,2,75.9885628807232
"3074",0.0270805019210093,0.80711585000623,0.622904709833674,0.51036283048219,1,3,2,114.996833587183
"3075",0.837051478965441,0.536598205545451,0.460317576400703,0.00146372403949499,1,3,2,77.1217935533261
"3076",0.936906174203614,0.332502754883608,0.0625177613308188,0.300726083079353,1,3,2,59.5319027873323
"3077",0.478796695156489,0.125348274114076,0.996420427580597,0.66006216579699,1,3,2,23.208471339555
"3078",0.789120362711837,0.674903626113664,0.301562709524296,0.0322942130197771,1,3,2,105.606130043181
"3079",0.580509844166227,0.114071922519943,0.926451727643143,0.38402350683813,1,3,2,22.9075439006739
"3080",0.922780181214912,0.0161709544702899,0.958244954705005,0.688353870569263,1,3,2,16.0249662995124
"3081",0.364223233432276,0.17435834353324,0.986407657639356,0.168991134554381,1,3,2,27.0516563316002
"3082",0.905928128184751,0.899741982253035,0.490997447392438,0.791620561983436,1,3,2,138.817455743814
"3083",0.269339749870123,0.465109420565423,0.618395803970052,0.27695061127888,1,3,2,63.0000071410544
"3084",0.469946182009298,0.690399739017012,0.853851856314577,0.112890899593476,1,3,2,87.6578434285758
"3085",0.855085299548227,0.0375021482736338,0.54243341335794,0.471629103148589,1,3,2,20.2083903400138
"3086",0.747834666298004,0.551532828937052,0.134471090884181,0.500629987339489,1,3,2,91.6070177308645
"3087",0.397381956910249,0.0211503619782161,0.384149477421306,0.234284393821144,1,3,2,20.2527569906032
"3088",0.40758655395126,0.996181275923736,0.00182531774393283,0.21542821839219,1,3,2,195.558633363457
"3089",0.456337176987436,0.81105510022724,0.70069862100645,0.194318547871662,1,3,2,112.157544674545
"3090",0.674240130751859,0.654599094206933,0.872975588650443,0.0254045951797161,1,3,2,81.9128481792865
"3091",0.975423416065751,0.742251961304573,0.457258497929433,0.293022919400828,1,3,2,110.760078624932
"3092",0.738523706244305,0.545058629254345,0.272688384338981,0.804905137686292,1,3,2,85.1128178856002
"3093",0.617280508285621,0.27242032480659,0.0277894086495508,0.735099315034458,1,3,2,52.2180648909808
"3094",0.0778685332520399,0.883124418718508,0.906969594459515,0.351500839639921,1,3,2,116.063388674835
"3095",0.795931719071232,0.960604962907964,0.314694466473302,0.266166151937796,1,3,2,161.780886638437
"3096",0.504615228656912,0.120260216868483,0.639358283629408,0.404584927713731,1,3,2,25.9076237573673
"3097",0.122464192542247,0.857539278917247,0.807450670138933,0.273126799663296,1,3,2,115.712228568765
"3098",0.575208177571185,0.769388461906929,0.247651221116539,0.876095959126251,1,3,2,126.666371646057
"3099",0.962538127598818,0.628519929342437,0.698842216663761,0.255855398608837,1,3,2,83.411629971719
"3100",0.217811531623593,0.478648118486162,0.983538811504841,0.344770292079775,1,3,2,56.8978679827797
"3101",0.295850049289875,0.309182041577296,0.680891806310974,0.161919762563193,1,3,2,43.3171785241573
"3102",0.717123810767662,0.866545472793514,0.604362393904012,0.907020785136847,1,3,2,126.712641404783
"3103",0.0986588366318028,0.0447434668347705,0.896054259053199,0.0596864379802719,1,3,2,18.2158669239036
"3104",0.0590681644389406,0.575104368003085,0.814941663766513,0.599726124501321,1,3,2,72.7460871701954
"3105",0.627455178285018,0.724484083396383,0.642283083386719,0.0935955195291899,1,3,2,100.033917737731
"3106",0.246438334833365,0.513954223736655,0.355544011445018,0.638222265655641,1,3,2,77.3064060126595
"3107",0.637014515717747,0.844968633516692,0.284025237995666,0.88161092961207,1,3,2,139.823506863109
"3108",0.258429045667872,0.241091404642211,0.0579335458634887,0.339766145391623,1,3,2,47.3382550231775
"3109",0.0326692376169376,0.774936789333588,0.678022251036018,0.327641475711716,1,3,2,107.108692240569
"3110",0.493781281131087,0.33537560862489,0.8581562308094,0.809730489245849,1,3,2,43.3660815313755
"3111",0.645992368183797,0.908149082711898,0.796825745439855,0.618182104255538,1,3,2,125.142419849293
"3112",0.306371302074986,0.0122783853288274,0.55928995002294,0.0179903020069469,1,3,2,18.2275938650262
"3113",0.394553376188269,0.0326897542609368,0.0344832813716494,0.717307564389193,1,3,2,24.8006071150692
"3114",0.157285955444677,0.506435799959581,0.0195900547748897,0.123697317851475,1,3,2,88.5292594755777
"3115",0.344842445006361,0.591104923139792,0.50309119741898,0.743976596535649,1,3,2,84.2297222216354
"3116",0.353166367893573,0.681084945804905,0.944293848777888,0.411988208979601,1,3,2,83.8093767762686
"3117",0.107896846460644,0.177059283806011,0.99359922431875,0.85443800869165,1,3,2,27.2283893073826
"3118",0.327797110897955,0.227594974415842,0.00937197980121709,0.399828977322904,1,3,2,46.7423145886294
"3119",0.152346712303115,0.504117543522734,0.287374689087737,0.868879954423755,1,3,2,78.1190533199509
"3120",0.511594242487336,0.224636074076407,0.662226138861151,0.871025908862939,1,3,2,35.0540007356942
"3121",0.811393824982224,0.197915205243044,0.719078478054143,0.839243232310982,1,3,2,31.8422440292375
"3122",0.286126576741226,0.156562727744458,0.184942269935273,0.82382806951995,1,3,2,35.0608810055281
"3123",0.22501201828476,0.165683491615346,0.293653129390441,0.95506090390496,1,3,2,34.3403431802494
"3124",0.0541332496679388,0.817231108533451,0.581084946785122,0.527446831953712,1,3,2,118.653136479566
"3125",0.00015939578297548,0.871126907349098,0.014263948162552,0.148277879153611,1,3,2,163.572149983553
"3126",0.992671801353572,0.163241031477228,0.371304670710815,0.712488086492522,1,3,2,32.9664491018337
"3127",0.829822238415945,0.473658884724136,0.191530083576217,0.682868432549294,1,3,2,76.6320958826253
"3128",0.606212413692847,0.446709482665174,0.149514311573002,0.387797958299052,1,3,2,73.804612462099
"3129",0.442589394521201,0.821791139655979,0.721996721851174,0.051198036824353,1,3,2,112.959172848389
"3130",0.0723503610212356,0.0614508624747395,0.351983219309477,0.244779430871131,1,3,2,23.819802239238
"3131",0.903946982898051,0.585747607647208,0.0856940686621238,0.237031783767743,1,3,2,99.7379745776623
"3132",0.434459330646787,0.92240863834857,0.223175294585526,0.264998108894797,1,3,2,159.768581450514
"3133",0.970828734516399,0.359651651334716,0.277963786526816,0.858950906331884,1,3,2,57.5690768262138
"3134",0.781189177184133,0.245867570892442,0.0249327669187915,0.933546705165645,1,3,2,48.7861185976879
"3135",0.546220036597224,0.622696919596056,0.734045325093903,0.891723085067933,1,3,2,81.693556789004
"3136",0.482826551100006,0.941206965233432,0.828882045102073,0.437937806849368,1,3,2,129.425987835532
"3137",0.202946217429126,0.78211012126063,0.162833047886379,0.104243744623382,1,3,2,133.53129790308
"3138",0.333720613658661,0.214513216719497,0.867649341075448,0.936534815218765,1,3,2,31.6493620678041
"3139",0.708603930597892,0.275538211212261,0.598253677577013,0.773264378953027,1,3,2,41.1183055782544
"3140",0.428515321753221,0.341130409332691,0.398232296844944,0.359046342194779,1,3,2,52.309855424758
"3141",0.58756695606513,0.353908391308505,0.3487631558883,0.669227448960301,1,3,2,55.0784757393262
"3142",0.912680459880503,0.0784394431731198,0.338454006311949,0.105827112555271,1,3,2,25.4186793115763
"3143",0.262774731739191,0.956336285246071,0.126534980176948,0.98063695517485,1,3,2,175.771416499868
"3144",0.541536247691838,0.182478342971299,0.772960255665239,0.0735972096328624,1,3,2,29.8244007218041
"3145",0.231567417937331,0.642217382764211,0.439553603628883,0.994279922479764,1,3,2,94.7142477585299
"3146",0.687855644231895,0.733052257024683,0.563401678609662,0.0215168208349496,1,3,2,104.444098955462
"3147",0.651029551129322,0.658827383862808,0.236323499870487,0.825434962023282,1,3,2,106.215014008611
"3148",0.878740602361504,0.932886778627289,0.120786278350279,0.298500755466521,1,3,2,169.86208685868
"3149",0.842144037929829,0.397833516472019,0.819877436161041,0.704893735715887,1,3,2,50.7384472349345
"3150",0.436229786209296,0.939791680249618,0.253915455376264,0.947864385150606,1,3,2,162.200604065196
"3151",0.807694119730731,0.56872184896376,0.259313331376761,0.0618703792593442,1,3,2,89.1912676859665
"3152",0.74293749137898,0.424185744432034,0.54871949198423,0.309210762118455,1,3,2,59.3760062028368
"3153",0.169701513599139,0.705598845403874,0.844525819397531,0.985609046400059,1,3,2,90.5184958656679
"3154",0.276157541961875,0.432242602463812,0.467953992780531,0.961315131005831,1,3,2,62.4834047432093
"3155",0.383598162886919,0.917097025716212,0.713889686771436,0.75807811543229,1,3,2,130.64857163047
"3156",0.881045210999437,0.133660498585086,0.260078519851668,0.546810529469512,1,3,2,31.5682965150668
"3157",0.186159078018973,0.526249584269244,0.764394179885276,0.213928378920536,1,3,2,67.4278796751421
"3158",0.929090998077299,0.284607749911956,0.321544053873513,0.972546412540833,1,3,2,47.0965596748075
"3159",0.40416643063887,0.103479970836779,0.739189218241954,0.196802969059208,1,3,2,23.6282459863985
"3160",0.175426310673356,0.972488856442505,0.0702750359172933,0.534946750543313,1,3,2,183.945749455112
"3161",0.751174439537572,0.761310793817975,0.0826678698381875,0.607605387355434,1,3,2,134.718262005686
"3162",0.953695084864739,0.92837309549097,0.515392498185392,0.521415600704495,1,3,2,142.898059603034
"3163",0.823851447725901,0.266324874224374,0.551983122825623,0.179737640235107,1,3,2,40.8246848140857
"3164",0.591552559654228,0.232641661332455,0.0451876179839019,0.157362806942547,1,3,2,46.5298428054139
"3165",0.524862121747574,0.801292338850908,0.234500383232953,0.720774011865724,1,3,2,133.742802252633
"3166",0.775793745926349,0.875653430812526,0.577509052766254,0.365487418076955,1,3,2,129.351929916786
"3167",0.571905708631966,0.486458737910725,0.037687188963173,0.482443089849548,1,3,2,84.48823613571
"3168",0.422906427049311,0.049890683995327,0.608681936317589,0.507887904254021,1,3,2,20.613647172487
"3169",0.517046108230716,0.215306016259128,0.669873119018739,0.560558022521436,1,3,2,34.0476296411423
"3170",0.474495976249455,0.828203531514155,0.407944061870221,0.0481915956991725,1,3,2,128.70965872843
"3171",0.347349024348659,0.495192338426132,0.68912131771096,0.405044956615893,1,3,2,65.2459025738194
"3172",0.174289483152097,0.00491238737013191,0.939477750895312,0.593982017184608,1,3,2,15.4311255587702
"3173",0.045418492318131,0.852470190383028,0.331893897665432,0.453956670872867,1,3,2,138.178335939692
"3174",0.819462898528436,0.95007919713622,0.214392278831219,0.461208036438329,1,3,2,166.902148187733
"3175",0.251609840069432,0.534092038450763,0.674442765183048,0.913990322542377,1,3,2,70.903371331365
"3176",0.410596523105632,0.117095309694996,0.429016876750393,0.139816494524712,1,3,2,27.8460812904121
"3177",0.0899053386715241,0.662773992161965,0.187445910599781,0.517659707278945,1,3,2,109.163182036312
"3178",0.527680513531668,0.0926850913499948,0.525884318600874,0.633659230568446,1,3,2,24.7271742083277
"3179",0.180594428060576,0.719932066973997,0.917350673800101,0.420374079506146,1,3,2,90.1955039800704
"3180",0.221833995294292,0.143177558159223,0.709163299378706,0.789342323452001,1,3,2,27.1494795484473
"3181",0.948580490608001,0.977051349382382,0.0767491760815028,0.733525190063519,1,3,2,184.772943427473
"3182",0.358569835833041,0.369375289003365,0.588360817579087,0.316242275554687,1,3,2,51.7734116113812
"3183",0.791845308821648,0.573045590731781,0.0435519852710422,0.706715796103235,1,3,2,99.6610124493533
"3184",0.145450311488239,0.00809381895815022,0.910276750620687,0.0835729417926632,1,3,2,15.7745755048302
"3185",0.759635131607065,0.983212543957634,0.105668802116998,0.888253742683446,1,3,2,183.944352321827
"3186",0.554758024513721,0.8644353618694,0.754280644176761,0.640306295495247,1,3,2,119.369259515201
"3187",0.987538350521354,0.41665157203679,0.591999386618845,0.0677070399094373,1,3,2,57.3889052533966
"3188",0.11136108197039,0.560385466134176,0.566914113139501,0.289496274448466,1,3,2,77.4816819669531
"3189",0.849628112463979,0.137210397991585,0.218847288847901,0.557356856964761,1,3,2,32.5142455559253
"3190",0.536881790360203,0.362031394586666,0.446662268994842,0.345664827598957,1,3,2,53.8451374456879
"3191",0.556221058556111,0.450125779019436,0.0966316075716168,0.362859722233843,1,3,2,76.1894376195295
"3192",0.0403495914197993,0.559777090521529,0.362454660926014,0.128873084329534,1,3,2,83.9614677255364
"3193",0.104896535370499,0.601242562810658,0.779958005317021,0.763533965143142,1,3,2,77.2988536659172
"3194",0.720723080739845,0.750243796900613,0.22639354464598,0.652240858224686,1,3,2,123.946928122493
"3195",0.800773661376443,0.0737214708107058,0.749297493528575,0.486602761916583,1,3,2,21.2898120101517
"3196",0.916765704158461,0.407948575296905,0.831100796989631,0.622419521055417,1,3,2,51.6703036602549
"3197",0.60006241030409,0.583192425944144,0.471178167645121,0.753422183097573,1,3,2,84.0876087021186
"3198",0.957994610008318,0.153860130870016,0.143690895255422,0.184529236921808,1,3,2,35.4004565994694
"3199",0.084013882894069,0.492334140283056,0.505195625926135,0.426159545616247,1,3,2,69.6135417258377
"3200",0.676550636235625,0.34523625532398,0.110811972054653,0.600304453662829,1,3,2,60.0163832897481
"3201",0.648184450279223,0.358155876727542,0.894727947796928,0.789139149524271,2,3,2,52.9678610447434
"3202",0.314024819276528,0.81242235219921,0.184336351142265,0.763848321881378,2,3,2,163.132408924854
"3203",0.401382458979497,0.679496941965772,0.226277166057844,0.176779746926622,2,3,2,129.105790693609
"3204",0.583138276448008,0.140776558088837,0.584938576269196,0.513427798376652,2,3,2,33.0981950121856
"3205",0.651773195256246,0.486538986809319,0.772525113276206,0.795992382431868,2,3,2,73.0043732534846
"3206",0.570465303910896,0.261031869836152,0.153839831504738,0.493725199850742,2,3,2,55.9415688549315
"3207",0.908171134174336,0.803029611199163,0.61142954755458,0.530947427458595,2,3,2,134.588113715591
"3208",0.849485006199684,0.482020332538523,0.541550949453376,0.560381671043578,2,3,2,78.8348687003056
"3209",0.722714275214821,0.870243145604618,0.823124779762002,0.270884099763352,2,3,2,137.426539896061
"3210",0.718145910053281,0.722892729383893,0.973158694334561,0.899303971193731,2,3,2,104.45385985914
"3211",0.67456987037207,0.0674223364843056,0.945467264262261,0.225951249032514,2,3,2,22.7859522818362
"3212",0.734523005462252,0.766408387187403,0.553541437352542,0.313332177206175,2,3,2,129.886614160999
"3213",0.754257300321478,0.405970323676011,0.156974022813374,0.196982272423338,2,3,2,78.9477944023998
"3214",0.23289161980967,0.848075763822999,0.695310100041097,0.483888817729894,2,3,2,139.492373822285
"3215",0.452473447398515,0.491416381015442,0.729986091714818,0.047315126551548,2,3,2,74.6715508262115
"3216",0.326358523411909,0.664217588442843,0.442391410336131,0.349673819628078,2,3,2,114.914477292119
"3217",0.0493967004586011,0.779710887197871,0.301267890912713,0.476082868787926,2,3,2,147.136689414371
"3218",0.235642995807575,0.818371226500021,0.255131005700678,0.882983365271939,2,3,2,159.566403666707
"3219",0.338875407095766,0.0622117129073013,0.505523805805715,0.414330537125934,2,3,2,26.2962021451435
"3220",0.4239793210465,0.691479386643041,0.332434928942239,0.275387183066923,2,3,2,125.871598144633
"3221",0.837519618312363,0.666965441735229,0.742059512188425,0.34430742364726,2,3,2,102.929868615325
"3222",0.705416526970221,0.999270164066693,0.847816191217862,0.928051205298398,2,3,2,163.424111412722
"3223",0.271823887290666,0.216038806119468,0.684506079934072,0.643045138890157,2,3,2,39.7868931162756
"3224",0.6000575779262,0.785733885754598,0.243672619712306,0.174853148735128,2,3,2,151.936909401722
"3225",0.409863130974118,0.427951264746953,0.365425372392638,0.58965955466032,2,3,2,75.6546475585238
"3226",0.0911876126751304,0.497119377097115,0.645046280014794,0.00514838037546724,2,3,2,77.9147677318243
"3227",0.80900990057271,0.940398925745394,0.964869150292361,0.900279667273862,2,3,2,145.011142985919
"3228",0.434746012800606,0.39260241320706,0.679594303265912,0.651827212070348,2,3,2,61.8572971205995
"3229",0.331832841640571,0.543525353651494,0.307341099280166,0.800755297701107,2,3,2,98.009368738988
"3230",0.168996897091856,0.0771581836452242,0.0352693824889138,0.0591245471057482,2,3,2,34.0713321155298
"3231",0.241373165774858,0.462231809153454,0.992188606578857,0.0849653507873882,2,3,2,64.2498976608562
"3232",0.107400295668049,0.958776456444757,0.625630456918152,0.51736294622533,2,3,2,167.406131564561
"3233",0.66443140364252,0.839109041555785,0.106361766848713,0.14386217638501,2,3,2,175.161723341457
"3234",0.876052639518166,0.6009658641438,0.597104725878453,0.46072495830711,2,3,2,96.8210196718714
"3235",0.344358150631888,0.366974891548743,0.493273423383944,0.439392418384086,2,3,2,62.6806988589725
"3236",0.316482989380602,0.781888519345084,0.246760016063927,0.877751978925662,2,3,2,151.481286466139
"3237",0.96774884339422,0.135929583212128,0.503654083423317,0.765670304807136,2,3,2,33.6666637609642
"3238",0.253361110909609,0.278718956152443,0.0907705776847433,0.663229653876042,2,3,2,60.3439603839752
"3239",0.68735298110405,0.505063206396299,0.112329851711402,0.237266000985401,2,3,2,99.0765073415056
"3240",0.0558424678212032,0.168263930446701,0.453271927450551,0.547455402699998,2,3,2,37.9201091396197
"3241",0.515038088306319,0.656416310016066,0.806388503405033,0.68729827502626,2,3,2,98.9237671673662
"3242",0.491672675196314,0.104512790809385,0.829486817999277,0.590324211436091,2,3,2,26.9256341137895
"3243",0.728765935599804,0.195780122946016,0.85837910098373,0.962965694672894,2,3,2,35.3043821792772
"3244",0.765368762882426,0.908613192152698,0.757980711089913,0.25988779200241,2,3,2,148.52272896958
"3245",0.379996797001222,0.994347031612415,0.558376764808781,0.0334105403430294,2,3,2,179.299912745295
"3246",0.5291003758437,0.360469908070518,0.907900046379073,0.194934952001786,2,3,2,52.9413455810568
"3247",0.00885652753058821,0.151302101933397,0.762330695212586,0.376757716272259,2,3,2,31.9948385866875
"3248",0.0420434245630167,0.67390188778867,0.138787159050116,0.930768321529031,2,3,2,133.598107469984
"3249",0.760297613600269,0.444904722674983,0.436705978650134,0.528323831368471,2,3,2,76.1341754429055
"3250",0.194466490058694,0.254012978329556,0.0638938241067808,0.211099117649719,2,3,2,57.2554781294332
"3251",0.0615751736541279,0.892520215497352,0.902412613236811,0.578489910735516,2,3,2,138.305043449248
"3252",0.635108720035059,0.130034832141828,0.346209169325884,0.0930228363058995,2,3,2,35.2195663147449
"3253",0.0825268420530483,0.590349424924934,0.98963922112016,0.958388450269122,2,3,2,82.6864539153044
"3254",0.381624486583751,0.343330098266015,0.0670721851824783,0.885991863716627,2,3,2,71.569799061643
"3255",0.0857793627690989,0.761254333540564,0.470539161888883,0.857839519761037,2,3,2,133.483232561137
"3256",0.796691884003812,0.424778658010764,0.179176048527006,0.399388559382642,2,3,2,81.4764935280203
"3257",0.074751996321138,0.401757274941774,0.0293810917111114,0.700315409726463,2,3,2,83.258033492573
"3258",0.347986795908073,0.733526495171245,0.573705438332399,0.601910882062512,2,3,2,122.514733086488
"3259",0.58844046268845,0.7487987206853,0.587602398759918,0.0757308571785688,2,3,2,124.464967498202
"3260",0.655716247597011,0.280201941165142,0.187039271327667,0.626636990427505,2,3,2,57.9124775497053
"3261",0.974917878083652,0.688946739945095,0.868000687049935,0.380400619516149,2,3,2,102.177177168833
"3262",0.157307432806119,0.988550643783528,0.483291368727805,0.666626585079357,2,3,2,184.278302717598
"3263",0.265693778245477,0.307892858199775,0.916012209450128,0.365505058969138,2,3,2,46.583992390837
"3264",0.387087134277681,0.220633114591474,0.641676996889291,0.132159368037246,2,3,2,40.9075509451315
"3265",0.129482079767622,0.624622244946659,0.497510378637817,0.222956102452008,2,3,2,104.867077228006
"3266",0.514144233163679,0.372505097276298,0.288836768744513,0.793891559655312,2,3,2,69.1824540394616
"3267",0.815709462352097,0.537186867691344,0.445417958846083,0.843255856863689,2,3,2,91.4008223053649
"3268",0.132748601975618,0.0843216891621705,0.221004234327702,0.975272068164777,2,3,2,32.0502585550461
"3269",0.369026267800946,0.569719580945093,0.121079798132414,0.294527547482867,2,3,2,111.699166450256
"3270",0.9757560170535,0.189812492770143,0.233365711212391,0.284360646159621,2,3,2,44.3401060790251
"3271",0.210103257814189,0.927757331983885,0.605335727700731,0.0540141788090114,2,3,2,161.031657202029
"3272",0.117115393657004,0.209052301922347,0.125708704905119,0.608588300263509,2,3,2,49.236701037678
"3273",0.487275151874637,0.0958475479460321,0.511145951219369,0.166592857975047,2,3,2,29.4520246648422
"3274",0.114831734362524,0.853881671867566,0.87151215093676,0.429845995550277,2,3,2,132.090519649453
"3275",0.0787914145225659,0.272901846165769,0.466153199638939,0.501371286839712,2,3,2,50.4137145117264
"3276",0.891928498806665,0.397648628725437,0.413789907769533,0.831007274264703,2,3,2,69.4413853763026
"3277",0.702426984582562,0.311302608493716,0.791064655608498,0.351916707205819,2,3,2,49.070317183743
"3278",0.136506787331309,0.953149934714893,0.703685145063791,0.385295087149134,2,3,2,161.242201460492
"3279",0.693998847334878,0.00057638269267045,0.879870682595065,0.117719295583665,2,3,2,18.1420581384588
"3280",0.814784225361655,0.613884188369848,0.407291701348731,0.446044567966601,2,3,2,106.839226489608
"3281",0.428351367070572,0.240754299318651,0.718543034475297,0.746476543277968,2,3,2,42.0480467831186
"3282",0.911440472087124,0.712708941405872,0.171101049816934,0.893235401316779,2,3,2,140.387294015698
"3283",0.358776922360994,0.112188120984938,0.525179971286561,0.0656390734412707,2,3,2,30.9061279847427
"3284",0.283179263948696,0.184410718260333,0.530708189101424,0.541900738637196,2,3,2,38.5558509049407
"3285",0.439499314986169,0.439929169914685,0.350943878933322,0.73078043240821,2,3,2,78.1156390845225
"3286",0.202130739166168,0.238484114909079,0.0329092231555842,0.0209988531016279,2,3,2,55.7239714725375
"3287",0.0126790002011694,0.32190164550324,0.378990693055093,0.12104360692203,2,3,2,58.9922697727166
"3288",0.103930927780457,0.119788243739167,0.0527817843365483,0.185395026288461,2,3,2,38.9508992241356
"3289",0.735373121537268,0.964550044583157,0.0190700623067096,0.13662397731794,2,3,2,217.776318032564
"3290",0.826057290246245,0.34518435630016,0.519691570529249,0.1480226772686,2,3,2,58.9059574660196
"3291",0.0655879434524104,0.410583485006355,0.830273954360746,0.583940945357317,2,3,2,60.9421708914505
"3292",0.469196179936407,0.258837731751846,0.049661995904753,0.243359678256093,2,3,2,58.3942434019268
"3293",0.0253328096552286,0.330074068149552,0.653907488462282,0.657145522786304,2,3,2,54.038584686968
"3294",0.552444200034952,0.597852956388379,0.802892173259752,0.736947735460708,2,3,2,89.332644914564
"3295",0.0204927175946068,0.0901395669940393,0.941829705988057,0.485030666333623,2,3,2,24.6816064004401
"3296",0.678631586052943,0.798781442244072,0.0721718810987659,0.743756690775044,2,3,2,168.336824112045
"3297",0.917613755924394,0.319701461851364,0.984265227165306,0.0859707706596237,2,3,2,46.8219262454519
"3298",0.921975332258735,0.882184882579604,0.545442266981117,0.974360647829017,2,3,2,155.480921891237
"3299",0.71441201146692,0.98311781049706,0.690052304993151,0.980024921242148,2,3,2,169.283016438917
"3300",0.665486734219594,0.269331776577746,0.251205134085612,0.326728328984464,2,3,2,54.6777731573506
"3301",0.784483067690162,0.717374151728582,0.659900488168933,0.29551803387003,2,3,2,115.336873678955
"3302",0.84332711488707,0.0717341482976917,0.0118279086065013,0.873008081781445,2,3,2,33.8679260604699
"3303",0.399367142942501,0.351291849543341,0.147612090923358,0.636185804848792,2,3,2,70.1602471676123
"3304",0.017121063406812,0.128656169997994,0.320328168573324,0.443199736555107,2,3,2,35.4810490579397
"3305",0.264905067115324,0.615210880162194,0.455652011331404,0.00326796917128377,2,3,2,104.712376588256
"3306",0.535566291643772,0.149806059256662,0.390277111903997,0.0151786053343676,2,3,2,36.7608116096664
"3307",0.0366255286778323,0.0274991184542887,0.0967435752472375,0.465816320452141,2,3,2,27.6610681208732
"3308",0.680759447052842,0.415764448971022,0.778220614092424,0.433654143646127,2,3,2,62.7611066183058
"3309",0.789572691736976,0.22776736475178,0.38255673535401,0.620814717066241,2,3,2,46.288734694174
"3310",0.304930743555306,0.514630084546516,0.275389712434262,0.810787575653521,2,3,2,93.9814421023646
"3311",0.410980859989068,0.194359486949397,0.16047718225047,0.30810828434187,2,3,2,46.4371830572462
"3312",0.0531655235099606,0.649622106533498,0.787462881756946,0.779527629149379,2,3,2,98.4587247243477
"3313",0.50852624238818,0.53094217879232,0.594637029042933,0.942701491537737,2,3,2,85.1595527531593
"3314",0.543819425291149,0.230995293867309,0.899648399824509,0.851083045721753,2,3,2,38.4031036824186
"3315",0.440525060753571,0.0303877354867291,0.118707578575704,0.205332929826109,2,3,2,27.6644862468874
"3316",0.147921322870534,0.589321591710905,0.638739790482214,0.495303898685379,2,3,2,93.3229585548264
"3317",0.15295604210929,0.047433285433799,0.341090728449635,0.372158765947679,2,3,2,26.6807375134976
"3318",0.985530132448766,0.773464597623097,0.0228642954875249,0.670518832099624,2,3,2,165.742009560916
"3319",0.866913389067631,0.377301145235542,0.935064635310555,0.707450047745369,2,3,2,54.584303190305
"3320",0.95316965689417,0.68121709320345,0.813932200759882,0.113052774621174,2,3,2,102.628414405414
"3321",0.206769694940886,0.91469753459096,0.395280359550379,0.41894743617624,2,3,2,172.399545285112
"3322",0.416964482489275,0.0154301968810614,0.618696955080377,0.805399973703316,2,3,2,21.1615397951628
"3323",0.820640928788343,0.179226217111573,0.201158172398573,0.249727295050398,2,3,2,43.6173016123181
"3324",0.0303539626777638,0.0421264929021709,0.488987904631067,0.0639822744810954,2,3,2,24.6035503247368
"3325",0.497226498279488,0.739537243540399,0.0892088481411338,0.355281086629257,2,3,2,151.877609851007
"3326",0.164529104654212,0.325299394681351,0.862396203036187,0.565425361737143,2,3,2,49.5338877395855
"3327",0.00474335007718764,0.200359809504589,0.235300134144491,0.408599571775412,2,3,2,45.67511015938
"3328",0.628163538766094,0.937745716270292,0.665690740956925,0.829605697121006,2,3,2,160.507688765961
"3329",0.619259468175005,0.520001751837553,0.00818487378768623,0.0416911206231453,2,3,2,107.11709734939
"3330",0.630746395072201,0.875346773586934,0.404817689652555,0.0292932849167846,2,3,2,161.818522148009
"3331",0.531522402173141,0.896339885739144,0.976527573683998,0.401861207057955,2,3,2,135.49625816931
"3332",0.937729332103627,0.549298221480567,0.218715045035351,0.947517575901002,2,3,2,103.067680051439
"3333",0.98038097722223,0.0370779324206524,0.140896420140052,0.693650783279445,2,3,2,28.0896274549253
"3334",0.394277292871848,0.0575522739591543,0.296251242768485,0.864200808852911,2,3,2,28.2281409219331
"3335",0.364361847547116,0.918285136279883,0.419324318926083,0.823797240289859,2,3,2,171.979217956431
"3336",0.882905495064333,0.922399666890269,0.205404836523812,0.108524691468338,2,3,2,188.468651439077
"3337",0.85146190485335,0.50349216465489,0.674695029245922,0.267226452704053,2,3,2,78.1447587591557
"3338",0.871505265167216,0.474893044898054,0.999892526092008,0.474588552832138,2,3,2,65.8659541736707
"3339",0.182471400694922,0.478267033366719,0.52279409488081,0.611483382279985,2,3,2,78.826551193776
"3340",0.484067958944943,0.971288032990415,0.196088467116933,0.536077688465593,2,3,2,203.144451604535
"3341",0.863335174074164,0.824818724357756,0.213832746752305,0.316373731334461,2,3,2,163.545320232381
"3342",0.964784386621322,0.868247275304748,0.720707770363661,0.524219446072821,2,3,2,142.363377613914
"3343",0.561040548167657,0.171022297902964,0.339070750243263,0.422723062656587,2,3,2,40.0860242953158
"3344",0.219802766934736,0.296700431952486,0.76698443415924,0.936825719830813,2,3,2,47.7841528433964
"3345",0.27664802193176,0.807809730572626,0.567157489451347,0.323886565109715,2,3,2,137.714048612697
"3346",0.925841305545764,0.904660364399897,0.781658758625854,0.998604713879758,2,3,2,147.021889151214
"3347",0.758863166152732,0.643325624761637,0.13415251864586,0.160650322888978,2,3,2,126.55333885588
"3348",0.520770447906107,0.106596326478757,0.951131433232222,0.304569418891333,2,3,2,25.9869672860903
"3349",0.997558077030117,0.631320748573635,0.169448994197883,0.505059207268059,2,3,2,122.197928215351
"3350",0.372074537716107,0.933578404196305,0.319847546375822,0.695618996396661,2,3,2,183.001041971484
"3351",0.199532499655616,0.581560281192651,0.911774696155917,0.012008818598697,2,3,2,83.2373985791607
"3352",0.609045385360951,0.00923153923009522,0.886484642069554,0.234943639606936,2,3,2,18.7335205685804
"3353",0.320001743708272,0.696639854779933,0.836485928326147,0.599899157640757,2,3,2,104.732653327416
"3354",0.990439250664786,0.011401118679205,0.601223681824049,0.719526184252463,2,3,2,20.970962143385
"3355",0.568564343043836,0.387173559612129,0.430868096303893,0.150397276518634,2,3,2,67.2286167682802
"3356",0.555928909321083,0.965267848385265,0.0786236202833243,0.126650863803225,2,3,2,211.82388915682
"3357",0.291815457487246,0.791857599454233,0.475601007414516,0.915170427043922,2,3,2,139.736136890657
"3358",0.220854918963742,0.576482091712533,0.754969990804093,0.835253420383669,2,3,2,87.4141447758665
"3359",0.257079532403732,0.946883616746636,0.103725944394246,0.726510699946666,2,3,2,205.329308022525
"3360",0.696633715501521,0.706801532084355,0.000436747291823849,0.458834951317403,2,3,2,150.468501889874
"3361",0.477761414329289,0.0889482835016679,0.0409607069427148,0.909607869075844,2,3,2,35.4232652866884
"3362",0.770413583315676,0.288264141958207,0.32601808426436,0.774422986767022,2,3,2,55.6070862060336
"3363",0.461646330505609,0.381157303598011,0.882297771942103,0.252992252147524,2,3,2,56.0072636900968
"3364",0.0994697424396873,0.44655444354983,0.732513317167759,0.335494579413207,2,3,2,68.1267784078982
"3365",0.248012188739376,0.885409804015653,0.688844285215018,0.920942394788144,2,3,2,147.90604470719
"3366",0.171511041995836,0.553540119205136,0.427976882106159,0.361885140200611,2,3,2,94.8058564759234
"3367",0.940137246400118,0.0204881141684018,0.536261002491228,0.994185295667266,2,3,2,22.2813928648122
"3368",0.286966645017965,0.627025708430447,0.66387158803409,0.784413512989413,2,3,2,99.0139308991771
"3369",0.17729143680539,0.834671505251899,0.0826040727517102,0.202150354203768,2,3,2,176.084007975197
"3370",0.778009976497851,0.15571961203008,0.0588253647461534,0.815611296923598,2,3,2,43.5052433197273
"3371",0.448819960658438,0.858954876168864,0.389284424687503,0.675311620215652,2,3,2,159.866336214768
"3372",0.958816684798803,0.755102706541074,0.623899837502977,0.989675708110444,2,3,2,124.573432128317
"3373",0.622133448431268,0.304570111053763,0.562234932046849,0.215144586872775,2,3,2,52.5345703851031
"3374",0.794689577785321,0.561234929751372,0.312555804726435,0.554113704413176,2,3,2,101.034575262046
"3375",0.640989760562079,0.840116212160792,0.263559706669766,0.393575874648523,2,3,2,163.765937556482
"3376",0.122318856755737,0.741966758619528,0.373827724596486,0.0370411669265013,2,3,2,134.023767397035
"3377",0.545963016900932,0.246303547328571,0.706798686058028,0.848797445164528,2,3,2,42.8691428079495
"3378",0.743654831880704,0.635604639423546,0.293617171836086,0.557737524501281,2,3,2,116.532737464097
"3379",0.834152063219808,0.728270141701214,0.934946504825493,0.33249787740875,2,3,2,106.502542732713
"3380",0.902817715099081,0.433726211247267,0.191159498371417,0.615308166557224,2,3,2,82.659793022697
"3381",0.614228506449144,0.826232958121691,0.955931978693698,0.0729576400085352,2,3,2,122.907588648702
"3382",0.501670776793035,0.121688611240825,0.840689540130552,0.287443414398003,2,3,2,28.3513697227729
"3383",0.804755034236005,0.336619218665874,0.271457186983898,0.682127964773681,2,3,2,64.0993090977717
"3384",0.931588442897191,0.570044762084726,0.461248701012228,0.157061534227105,2,3,2,96.3617727604437
"3385",0.746707181545207,0.0528885059210006,0.746552154247183,0.953653536514612,2,3,2,23.2151289005015
"3386",0.188498196644941,0.555091353455791,0.634699472218053,0.570264138431521,2,3,2,87.7392974765971
"3387",0.898199571281439,0.654537603271892,0.923207600524183,0.630152568133781,2,3,2,94.6697353951308
"3388",0.22886459746398,0.70013153064996,0.359060643251287,0.912586382903391,2,3,2,126.639017171686
"3389",0.598500534299528,0.290148660073755,0.362419840312796,0.183768129737582,2,3,2,54.936418753748
"3390",0.579768382955808,0.211638336466858,0.422386099325959,0.869572786503704,2,3,2,43.5546905859786
"3391",0.457621062095277,0.465003002326703,0.799436327333096,0.454815161129227,2,3,2,69.1373052614244
"3392",0.474852295449236,0.518795896454249,0.926564788268879,0.965173116037622,2,3,2,73.7808647326205
"3393",0.354191150309052,0.453176293636207,0.819978911051294,0.758459195232717,2,3,2,67.0210697239277
"3394",0.947593725762563,0.160136972024338,0.966873031232972,0.751455341090914,2,3,2,30.6198585745514
"3395",0.144627273587976,0.978095759735443,0.2819237325422,0.262696910747327,2,3,2,196.916096917277
"3396",0.88879037470324,0.455931495631812,0.268542931679403,0.0969623115798458,2,3,2,83.4970402111006
"3397",0.592660306397593,0.750083523510257,0.852818874681834,0.722572205294855,2,3,2,113.633051054239
"3398",0.297926474965643,0.60729269857402,0.710424703974277,0.64862569816527,2,3,2,93.9246288875315
"3399",0.855459168636007,0.862653380972333,0.57661387338303,0.102553557112115,2,3,2,148.555499607985
"3400",0.309884071515407,0.526742813696619,0.738007731008111,0.713604393382557,2,3,2,80.0245293572353
"3401",0.733554262871621,0.985565954174381,0.855747160015162,0.90960935246665,3,3,2,183.553225656145
"3402",0.0823342861689162,0.0648294431669638,0.419254269201774,0.755764994673664,3,3,2,31.5391057813992
"3403",0.653041418760549,0.493346432374092,0.531077528389869,0.742517152494984,3,3,2,92.9430246114809
"3404",0.253151013514725,0.516397990393452,0.747824513611849,0.0129952391970437,3,3,2,89.3941096926258
"3405",0.559601186015643,0.944338795809308,0.303424485432915,0.50979480500333,3,3,2,214.283034321514
"3406",0.711317343701376,0.403890991313383,0.914569352845429,0.981234350581653,3,3,2,66.9468808805456
"3407",0.629340057778172,0.197267621472711,0.477042610192439,0.8357165607973,3,3,2,46.909313173034
"3408",0.0662089066393673,0.854227558624698,0.138058872293914,0.329089379536454,3,3,2,202.785351229612
"3409",0.525517632714473,0.0531603273982182,0.19165558167384,0.343693977610674,3,3,2,33.3710864402232
"3410",0.340765183821786,0.622861106069759,0.946778657035902,0.652730885698693,3,3,2,101.936256414512
"3411",0.958886471119476,0.266138129831525,0.391340382080525,0.379651584124658,3,3,2,58.5784479000247
"3412",0.755795513736084,0.388059050458251,0.411231953583192,0.799841228621081,3,3,2,78.0445402502594
"3413",0.0721799141704105,0.451899075995898,0.765170912625035,0.880642628753558,3,3,2,78.2041965074723
"3414",0.801096427215962,0.735184300884139,0.82053543565562,0.591535601833602,3,3,2,128.658806635121
"3415",0.314405824056594,0.203425106251379,0.78077885667677,0.829294515893562,3,3,2,42.536126074481
"3416",0.74471904622158,0.67765302715241,0.759495671526529,0.632792683574371,3,3,2,119.615877591163
"3417",0.508449826064752,0.489140733705135,0.686743447479093,0.695563918821281,3,3,2,86.8360821496598
"3418",0.0158604090102017,0.308849028497934,0.679139085179195,0.373490390235093,3,3,2,58.2790740883598
"3419",0.805641776681878,0.69228924385854,0.741926931476919,0.821532857235288,3,3,2,123.446539382449
"3420",0.255017301804619,0.233008324636612,0.428013776689768,0.530269342313986,3,3,2,52.8473353953511
"3421",0.191491010915488,0.761480570824351,0.663253879741533,0.662234797888668,3,3,2,142.057738852164
"3422",0.784704561913386,0.431255188330542,0.209341293107718,0.993303900732426,3,3,2,93.6301588664743
"3423",0.92750666696229,0.463599096795078,0.107433967095567,0.404105115437415,3,3,2,104.851035569459
"3424",0.485832329133991,0.589146513217129,0.015000276559731,0.446289732402656,3,3,2,139.827403113433
"3425",0.232541888363194,0.625052502385806,0.0831590661255177,0.511337328049121,3,3,2,144.328972620838
"3426",0.409711930288468,0.126010177816497,0.658475604832638,0.792924026154215,3,3,2,35.2501228361091
"3427",0.762958747897064,0.116933288822183,0.237598409926286,0.136896604214562,3,3,2,40.6199337483984
"3428",0.891383064497495,0.0220567085663788,0.604044900379377,0.0616274773073383,3,3,2,25.0210537761362
"3429",0.41907764808042,0.0967002404050436,0.46181078378344,0.491293223804096,3,3,2,34.5746854357788
"3430",0.736717316443101,0.92314216403407,0.633353934553452,0.788072000524262,3,3,2,182.583906869155
"3431",0.612456688309321,0.340635814660927,0.850610499244649,0.0521305807796307,3,3,2,59.101312844258
"3432",0.988980989881093,0.33535349876387,0.337864731026348,0.0236391497892328,3,3,2,71.080153251965
"3433",0.549046073302161,0.871372601869516,0.728140718977666,0.04611011154484,3,3,2,163.004121021175
"3434",0.749450957436347,0.120855339220725,0.0966941218706779,0.368766880281037,3,3,2,43.9139163326757
"3435",0.858746080180863,0.473898333007237,0.517446154268691,0.932655797743937,3,3,2,89.8750050740274
"3436",0.494004699809011,0.084950876244111,0.0680337932507973,0.985893621256109,3,3,2,39.5629711915899
"3437",0.709693981562741,0.803479128010804,0.909427366061136,0.382224026997574,3,3,2,138.684676332795
"3438",0.450208125617355,0.0901936784829013,0.131219372573541,0.19384597507189,3,3,2,39.04010899024
"3439",0.179323989374097,0.9825440218125,0.956470186057268,0.0893720269505866,3,3,2,175.70863363032
"3440",0.599555971036898,0.322258923924528,0.647033600209979,0.108145025285194,3,3,2,60.8980100799685
"3441",0.560609399785753,0.144954330843175,0.804616657160223,0.862565348119242,3,3,2,35.4682164028128
"3442",0.835937068013009,0.444079474940663,0.869610889864853,0.92688284862088,3,3,2,74.1456578046964
"3443",0.678661805673037,0.713235759524396,0.0136287579289638,0.81130966776167,3,3,2,173.611638401571
"3444",0.728746162655298,0.747548631791724,0.296181527535664,0.924472878776724,3,3,2,161.154812606063
"3445",0.940381397509482,0.928964079098078,0.771805780366994,0.034272567393491,3,3,2,174.023862959963
"3446",0.0515447418368421,0.114280064263148,0.369926374756033,0.104091330820229,3,3,2,38.0275312501117
"3447",0.0448701205663383,0.752238506635185,0.482783710861113,0.419956841089297,3,3,2,149.911622381551
"3448",0.22047351084766,0.480402039441979,0.127955476370407,0.685063464079285,3,3,2,107.585362526805
"3449",0.122557124702726,0.858842752068304,0.554223972685868,0.804927183939144,3,3,2,171.71489977846
"3450",0.553621417345712,0.741038053106749,0.104299641187536,0.54809145998559,3,3,2,173.606219805436
"3451",0.907212299209787,0.660251186949899,0.995396428158274,0.393099363002693,3,3,2,106.941712820997
"3452",0.209051080781501,0.411990709756501,0.507722033446189,0.720224888833472,3,3,2,79.1233214122729
"3453",0.389947756921174,0.723625639270758,0.0909740423958283,0.529287085157121,3,3,2,169.860938881361
"3454",0.664995975984493,0.729104110485641,0.455302634438267,0.268959076408064,3,3,2,145.937744984392
"3455",0.0935782207432203,0.544817353307735,0.14831566625624,0.701615051132394,3,3,2,120.951843130161
"3456",0.281240683642682,0.734240235004108,0.430735818698304,0.725844419245841,3,3,2,148.979256103756
"3457",0.539075959241018,0.277368086299393,0.980898038913729,0.427533410363831,3,3,2,48.4177538403234
"3458",0.825281917507527,0.584337034802884,0.929733585164649,0.462152690264629,3,3,2,95.5890053079134
"3459",0.531712794111809,0.674487991764909,0.877032771214144,0.61043144020834,3,3,2,114.138628981746
"3460",0.12775313961436,0.221777559019392,0.449601045441814,0.969335195227759,3,3,2,50.8264500029137
"3461",0.307495623648865,0.789047864183085,0.674957068850053,0.0727812980115414,3,3,2,147.101578482481
"3462",0.327951911671553,0.329837295485195,0.779889133746037,0.453668775629485,3,3,2,59.1279790115854
"3463",0.637863990073092,0.868268060685368,0.71719751807279,0.996968432129361,3,3,2,163.845694334192
"3464",0.348963040964445,0.154060939024203,0.61586747447378,0.750096124839038,3,3,2,39.0972162023901
"3465",0.520153593149735,0.971110061776126,0.00405556603334844,0.096119017918827,3,3,2,253.707517682517
"3466",0.469084086003713,0.784798737163655,0.362661554373335,0.676175457127392,3,3,2,165.905167041821
"3467",0.483231164870085,0.776197912087664,0.899507166197291,0.197750751156127,3,3,2,133.288734449237
"3468",0.140193532976555,0.409215725497343,0.251921861233423,0.22851351729827,3,3,2,87.3950365149354
"3469",0.655680889504729,0.931124064732576,0.283536674947245,0.165834362963215,3,3,2,211.5783588149
"3470",0.933872008032631,0.271845947625115,0.341110244248994,0.274063890252728,3,3,2,60.7042957152151
"3471",0.267270883691963,0.907339258622378,0.346471628122963,0.739098351892317,3,3,2,200.15108771109
"3472",0.586630369771738,0.574082863761578,0.0360017888608854,0.352013053070987,3,3,2,134.557948356587
"3473",0.292378276478266,0.33239161580801,0.294260908334982,0.122119629357476,3,3,2,71.9457312062477
"3474",0.853878433691571,0.596734146366362,0.503202580368379,0.841280622755876,3,3,2,114.467247873146
"3475",0.195439747089986,0.438718047109433,0.696008357523242,0.623990253270604,3,3,2,77.9627873606027
"3476",0.289883434000658,0.939251546286978,0.472509659230709,0.56152999168029,3,3,2,198.475671837547
"3477",0.689224652041448,0.878578843513969,0.97011838347069,0.770165361958789,3,3,2,152.121330910312
"3478",0.64704073896748,0.479797552328091,0.307282209824771,0.238247326697456,3,3,2,98.9814660128199
"3479",0.698481042553904,0.108345455499366,0.702059340439737,0.603817810795736,3,3,2,32.7501188948848
"3480",0.260185447005788,0.816432021470973,0.596071026542922,0.579270165233174,3,3,2,158.507176585535
"3481",0.116992954091402,0.0423971029836684,0.934567664718488,0.488648423169507,3,3,2,23.9813470131195
"3482",0.594725438808091,0.606830707610352,0.216329396782676,0.524521596228005,3,3,2,131.405807207663
"3483",0.0555023275932763,0.131613073381595,0.196433644935023,0.172786978136282,3,3,2,43.3686219264921
"3484",0.947656253050081,0.755689340779791,0.0741087813908234,0.0904516514390707,3,3,2,179.589699418451
"3485",0.356629638688173,0.80818376307725,0.792173557211645,0.311417884319089,3,3,2,145.428029838768
"3486",0.217210064334795,0.156521770464024,0.920206574258627,0.302610841474961,3,3,2,35.2738233565609
"3487",0.00468661096529104,0.148250309497816,0.994060155642219,0.0805889842309989,3,3,2,33.5325551025696
"3488",0.171793549989816,0.822637803427642,0.173801521071,0.885626810829854,3,3,2,191.039652771305
"3489",0.440276190171717,0.375098280266393,0.213058493986027,0.570132134607993,3,3,2,82.5041336249416
"3490",0.0627845879993401,0.565055581444176,0.588914468113799,0.89307665275177,3,3,2,104.440158236914
"3491",0.888511090429965,0.718470255556749,0.54968515720102,0.0688698887021746,3,3,2,137.981023675259
"3492",0.214441954017384,0.446727483293507,0.397037331241881,0.605444686285919,3,3,2,89.1290506214949
"3493",0.724386813405436,0.554185112124542,0.642348388539394,0.959520331464009,3,3,2,100.285220721584
"3494",0.619843865012517,0.600268654464744,0.652994917965261,0.585130974502535,3,3,2,108.648503375439
"3495",0.771896084797336,0.00268879789742641,0.525367546376074,0.596865395478671,3,3,2,23.9383664859159
"3496",0.0342682507715654,0.191761314278701,0.61206255613477,0.951424305042019,3,3,2,43.7969374242671
"3497",0.922485143900849,0.841597146957647,0.490883329492062,0.568587823853595,3,3,2,171.444781167888
"3498",0.716906129356939,0.649236440432724,0.176589552550577,0.746428793111118,3,3,2,144.288240527689
"3499",0.798013505643467,0.0145919182966463,0.331855039856164,0.252332670070464,3,3,2,27.1516124375601
"3500",0.225099215102382,0.837400537102949,0.0470325037860312,0.915989139005542,3,3,2,207.293605565287
"3501",0.669770258766366,0.545302207163768,0.405220588749507,0.276630253123585,3,3,2,108.0273442398
"3502",0.335576719755773,0.176136103726458,0.168818675386719,0.617468469715677,3,3,2,50.3527199805518
"3503",0.012093329167692,0.42430198112037,0.374672111537075,0.692578261417802,3,3,2,85.7915167775466
"3504",0.270139222356956,0.560767212455394,0.975612209709361,0.455968865848845,3,3,2,90.0955922766613
"3505",0.239946029233979,0.373378632636741,0.141827692473307,0.940982557862299,3,3,2,84.974002450164
"3506",0.459162093480118,0.239464160356438,0.115047311900416,0.178088107921649,3,3,2,61.6489692614551
"3507",0.642911343065789,0.360776303344173,0.887146278158762,0.0390419175045099,3,3,2,61.1698234710134
"3508",0.997394442314981,0.346637819339521,0.0211401991406456,0.423223646720871,3,3,2,84.5090564804993
"3509",0.496576652053045,0.634763914790237,0.810345783766825,0.408324131730478,3,3,2,109.022007570535
"3510",0.411552198968129,0.684580947238719,0.380228796198498,0.230832171051297,3,3,2,139.850323280263
"3511",0.788831784427166,0.522192211594665,0.469202701223549,0.290432585610542,3,3,2,100.683234561092
"3512",0.318793493994744,0.880477721793577,0.0308188708079979,0.362129125430947,3,3,2,221.648879709627
"3513",0.182707462796243,0.900012530206004,0.520874085844262,0.359077563172905,3,3,2,184.09247210721
"3514",0.884309328913223,0.963994408491999,0.321525784701807,0.972716289792443,3,3,2,218.97938490044
"3515",0.868404387676856,0.0169363352854271,0.609242734388681,0.471808300083503,3,3,2,24.4973777519855
"3516",0.164752165569225,0.16639425923815,0.422721729273908,0.205539238302736,3,3,2,43.770051797378
"3517",0.00692868191050366,0.0323046521760989,0.967205669840332,0.716420885330299,3,3,2,22.8486634012266
"3518",0.301363216756145,0.50467163190362,0.234460287708789,0.978757361500757,3,3,2,107.678337903902
"3519",0.691481960355304,0.950522266939515,0.499576448635198,0.497000754787587,3,3,2,199.319684402645
"3520",0.245255582063692,0.00526693783001974,0.277544496820774,0.914658200303093,3,3,2,26.8179543538042
"3521",0.145528908037813,0.616666814968921,0.621707009095699,0.154059063964523,3,3,2,112.986721159191
"3522",0.515644841125468,0.246015990782762,0.873052222876577,0.500358628942631,3,3,2,46.2766529792065
"3523",0.0871812876989134,0.428571422854438,0.691502024004003,0.440207202516031,3,3,2,76.3837361488755
"3524",0.975037385949399,0.136392849051626,0.918156901465263,0.11725261178799,3,3,2,33.1611149619128
"3525",0.0495329856825992,0.35683137781336,0.754955126505811,0.642535589660984,3,3,2,63.6165227605679
"3526",0.203219806936104,0.207582836548099,0.319523247604957,0.246492638097843,3,3,2,51.5200845863444
"3527",0.823486183672212,0.240353415333666,0.833495418017264,0.110194524925901,3,3,2,46.1741214147303
"3528",0.502811000049114,0.251879714718089,0.0060365245048888,0.149853961125482,3,3,2,67.1651241549755
"3529",0.375068001785548,0.310617467944976,0.541096437894739,0.296072517671855,3,3,2,61.6871882432172
"3530",0.810598111097934,0.170374549373519,0.154773438124685,0.214353081098525,3,3,2,49.7814092634189
"3531",0.768395087507088,0.613961225278908,0.0778351885080338,0.144434191529872,3,3,2,141.55531688948
"3532",0.571159191564657,0.282959151820978,0.327849742313847,0.872392781235976,3,3,2,62.8921270462911
"3533",0.600756280982168,0.799155707752798,0.580321903859731,0.316304943503346,3,3,2,155.107959192016
"3534",0.0291159076825716,0.352983744414523,0.248642067897599,0.157094035617774,3,3,2,77.0639445323851
"3535",0.324902504890924,0.50602707894519,0.591574927621987,0.026637656110106,3,3,2,92.8399575406037
"3536",0.475184505815851,0.219820063031511,0.8489075948135,0.536787122748792,3,3,2,43.4585387920459
"3537",0.0996865455829538,0.0794472898554523,0.710231243660673,0.386747327393387,3,3,2,29.6211194364277
"3538",0.399528839838458,0.187229473617626,0.262520917799557,0.559735471945023,3,3,2,49.8610753318642
"3539",0.109807197281625,0.088666773630539,0.568868582550203,0.639207872877596,3,3,2,32.257484101679
"3540",0.950700865107356,0.533399283564649,0.379643685584888,0.25870559096802,3,3,2,106.715278553694
"3541",0.937985023569781,0.958010565268341,0.736957388750743,0.81673175483942,3,3,2,184.397117376038
"3542",0.860231530802557,0.213248700750992,0.805984145165421,0.133729090647539,3,3,2,43.287481549906
"3543",0.973767825217219,0.467862075713929,0.225367048589978,0.223252369965194,3,3,2,100.123576355246
"3544",0.333323265513172,0.393096994876396,0.626107931215083,0.761033005850622,3,3,2,72.489459849313
"3545",0.240719608789077,0.0692536594369449,0.684755523063941,0.435270954795415,3,3,2,28.8624340649928
"3546",0.673531992813805,0.830182795379078,0.843259321301011,0.767247078375658,3,3,2,147.973603950671
"3547",0.874798314520158,0.695000982549973,0.537972180597717,0.582001233282499,3,3,2,133.78457958139
"3548",0.404401339124888,0.9154081013205,0.798000289027114,0.466620222119382,3,3,2,169.80471868298
"3549",0.70356489119702,0.259685899754986,0.557981232180027,0.670363845099928,3,3,2,53.8902112875934
"3550",0.912309713024879,0.36721435218351,0.435191628655884,0.877367305138614,3,3,2,73.7179690138826
"3551",0.16994186425698,0.537503049342195,0.81791880723089,0.475986954218242,3,3,2,91.0102710257529
"3552",0.842680080938153,0.864506380943349,0.386884547695518,0.647342442795634,3,3,2,185.020168189899
"3553",0.0211819685238879,0.969040412938921,0.259464908123482,0.949312192094512,3,3,2,226.443378908079
"3554",0.472068703882396,0.766207687963033,0.112619032288203,0.331294403673382,3,3,2,179.682043425196
"3555",0.11082230170141,0.102618520705728,0.709203900198918,0.126022102565039,3,3,2,32.0311333972324
"3556",0.849166362549877,0.056893912361702,0.838677139185602,0.41412882277742,3,3,2,26.1289247023298
"3557",0.632998866554117,0.301072265730472,0.48880044229445,0.847385109285824,3,3,2,61.5801670934939
"3558",0.567275211744709,0.650496479620924,0.200579370870255,0.518024193191668,3,3,2,142.896782353143
"3559",0.437354325033957,0.997133592880564,0.0572701174695976,0.480358442009892,3,3,2,257.078922683328
"3560",0.42693521284149,0.264634776507737,0.962296419896884,0.0432408702711109,3,3,2,47.0983853810514
"3561",0.982231744868914,0.416373708664905,0.441754694211995,0.809353671893477,3,3,2,82.0473778051999
"3562",0.36022544151987,0.380683729848824,0.578151084961137,0.960853144155117,3,3,2,71.826900596146
"3563",0.99214556943276,0.669331562939333,0.288906585775549,0.280562058404321,3,3,2,141.737863824668
"3564",0.752049054799136,0.658124502300052,0.76111618627212,0.203561911751749,3,3,2,115.413281124233
"3565",0.077244709127117,0.225898859155131,0.953327689702855,0.335091890072217,3,3,2,42.6207923861051
"3566",0.819599778535776,0.292485185672995,0.511335024081636,0.0598051850334741,3,3,2,59.6186443000668
"3567",0.275022006528452,0.455125530349324,0.314338717525825,0.777872775052674,3,3,2,93.9772514745263
"3568",0.584079168383032,0.689439579368336,0.723022029682761,0.709694965139497,3,3,2,123.663650824994
"3569",0.0396671238623094,0.317576250707498,0.0518250055215322,0.899791392992483,3,3,2,77.7485473715819
"3570",0.578929706428899,0.577870690658456,0.0414672654576134,0.833079904306214,3,3,2,135.424172089532
"3571",0.89537569505279,0.910462458166294,0.6656067278923,0.0762252148822881,3,3,2,176.349218724288
"3572",0.15414336266811,0.992937763233203,0.156172806553077,0.216048646181589,3,3,2,243.447094385149
"3573",0.353687725863419,0.975447165011428,0.571413377481513,0.398241989839589,3,3,2,200.311548053511
"3574",0.391219791314797,0.63835598571226,0.862627977738157,0.432389244291699,3,3,2,107.729290546294
"3575",0.620267696483061,0.890801145690493,0.180282532250276,0.0159223375399597,3,3,2,208.92054984119
"3576",0.430165568894008,0.52525868421304,0.940433661582647,0.93857498203055,3,3,2,85.2970778018635
"3577",0.51247065144591,0.845899182964349,0.635655855926452,0.8650796224433,3,3,2,163.360985212953
"3578",0.902541510595474,0.162138261029031,0.451883069425821,0.713545507082017,3,3,2,42.7385196118163
"3579",0.185855464944616,0.94534403553349,0.123288984029787,0.783563610696001,3,3,2,232.970166959246
"3580",0.445559005022515,0.18274834703072,0.271595149377827,0.734434547155397,3,3,2,49.0317099796106
"3581",0.296227235342376,0.0733772517950274,0.355768840017263,0.323827874836279,3,3,2,33.356364304437
"3582",0.462858375700889,0.772543223445537,0.561465038883034,0.242378421400208,3,3,2,149.886534374361
"3583",0.130820464621065,0.512579015521333,0.0889896905154455,0.681156951384619,3,3,2,116.845216129469
"3584",0.778334481480997,0.829337044729618,0.400443356252508,0.544555673357099,3,3,2,174.610826594511
"3585",0.420371765661985,0.0457917515130248,0.224571304242127,0.854840226715896,3,3,2,32.0278130549894
"3586",0.104655978544615,0.640371907076333,0.786055310911033,0.307777937216451,3,3,2,110.99635820066
"3587",0.155310074891895,0.296127375258366,0.939915684836451,0.346702762005152,3,3,2,51.4720062209038
"3588",0.875456820288673,0.398689567502588,0.9851225743338,0.00865747818374075,3,3,2,64.4632000562237
"3589",0.833593781139934,0.593176034060307,0.0253897463798057,0.183562447667355,3,3,2,139.909647306468
"3590",0.380211580760078,0.027688448256813,0.734796718187863,0.552500564762158,3,3,2,24.3571273381097
"3591",0.609357297962997,0.287120171188144,0.891152145911474,0.00395977569161914,3,3,2,51.1133440650073
"3592",0.963538082484156,0.895007833095733,0.904899256995413,0.855767074017786,3,3,2,159.263246986726
"3593",0.542779356207466,0.790600202941569,0.351818139801035,0.187042471430032,3,3,2,167.628260056307
"3594",0.969501671219477,0.555610164770624,0.268604186263401,0.628548635300249,3,3,2,116.914136131429
"3595",0.373381244997727,0.707087673478527,0.828774182887282,0.665459353675833,3,3,2,122.588125870687
"3596",0.135276495594298,0.701953631400829,0.880444402303547,0.658206802004715,3,3,2,119.384452183165
"3597",0.919398758934112,0.81322459107847,0.187619771130849,0.262579789668089,3,3,2,186.462690306527
"3598",0.793610241523711,0.889790096903453,0.243278712207684,0.289802889495622,3,3,2,203.483212848376
"3599",0.680169621555833,0.036008345404407,0.163625693038339,0.902324304509675,3,3,2,31.7615764008499
"3600",0.36546897567925,0.499194125734502,0.0648746734450106,0.160278198954184,3,3,2,114.84065505428
"3601",0.914316052058712,0.719737116560573,0.821066240000073,0.994453826097306,1,1,3,103.005038571818
"3602",0.973657238020096,0.0387517573568039,0.998138459394686,0.107898844283773,1,1,3,18.9495003032604
"3603",0.956552197088022,0.770290499039693,0.588985416858923,0.328470591510413,1,1,3,121.460740434014
"3604",0.514044245610712,0.460391118028201,0.496176932652015,0.18335602581501,1,1,3,72.1343597706668
"3605",0.217145747134928,0.84069659085595,0.592725048174616,0.648076224649558,1,1,3,135.168200250233
"3606",0.0990208740567323,0.783465259382501,0.417315559493145,0.970642081410624,1,1,3,132.969099209742
"3607",0.424161756015383,0.682129450513748,0.141857886593789,0.84525017304346,1,1,3,127.292466690696
"3608",0.385049746903824,0.41949832913233,0.195507102550473,0.806058180020191,1,1,3,75.2565906970231
"3609",0.547263526346069,0.23350028000772,0.45195436295704,0.139361117961816,1,1,3,42.8948994312307
"3610",0.55382143311901,0.848789131781086,0.0676930521894246,0.49376123029273,1,1,3,171.211355219106
"3611",0.126389929752331,0.658751175644575,0.741618701810949,0.307062101272168,1,1,3,95.5417384839339
"3612",0.0768961708783172,0.299205231578089,0.312678665895946,0.175174928285414,1,1,3,53.963138870193
"3613",0.750085155774141,0.696064105450641,0.410425973846577,0.357655529963085,1,1,3,115.694264927105
"3614",0.898409738895716,0.467377429932822,0.0851666655822191,0.000807125947903842,1,1,3,87.4819317153435
"3615",0.857116350367433,0.665936723619234,0.200663106545107,0.362035973502789,1,1,3,120.392241683848
"3616",0.923488010297297,0.879623668510467,0.5185366096301,0.0355023649137002,1,1,3,146.884035596565
"3617",0.225553896506317,0.098129960448714,0.904818280939944,0.99518886472797,1,1,3,24.1140154072661
"3618",0.242387698837556,0.885244997390546,0.363096683230251,0.342900572862709,1,1,3,158.005838191218
"3619",0.0728665585699491,0.202803607685491,0.84535697743413,0.395254608524265,1,1,3,33.9622788337311
"3620",0.879156027492136,0.93207004044787,0.520899125403957,0.824575926709222,1,1,3,158.566736235666
"3621",0.968199122175574,0.0619772127305623,0.15829420301714,0.528824028377421,1,1,3,28.6372766862034
"3622",0.336523465847131,0.775589234298095,0.317566701482283,0.0239938867674209,1,1,3,136.512241654815
"3623",0.674273051128257,0.183612618207699,0.891136257740436,0.567868971143616,1,1,3,31.6320489074241
"3624",0.293434534384869,0.821815641695866,0.482801811640384,0.985511411199113,1,1,3,137.302041732821
"3625",0.00282124180463143,0.79682912225835,0.637751810754417,0.842256606344599,1,1,3,124.411386354536
"3626",0.401284476147266,0.147660715109669,0.779106184224365,0.538107393855462,1,1,3,29.5386814540571
"3627",0.222522712453501,0.630037591471337,0.330755895621842,0.422013358999975,1,1,3,106.862522696687
"3628",0.665037522133207,0.610792442813981,0.33529950022581,0.97677082908107,1,1,3,103.187712230962
"3629",0.0170137376047205,0.519960113717243,0.692475104777841,0.652694408383686,1,1,3,75.4932323069699
"3630",0.883112923195586,0.0278382255905308,0.403240057424409,0.928384777463507,1,1,3,22.6990031270053
"3631",0.117761404246558,0.809506600514287,0.161226920674089,0.206260062117362,1,1,3,154.300378525349
"3632",0.252154513226124,0.920789211884839,0.839917787931627,0.757218203304801,1,1,3,138.615677075328
"3633",0.467621609930648,0.00098581773461774,0.715445443374338,0.969153430263977,1,1,3,18.1004476854905
"3634",0.412431667677592,0.0454049575095996,0.513937742300332,0.922698115204694,1,1,3,23.1674850518608
"3635",0.679690714325989,0.38165906955488,0.525133465561084,0.508412338520866,1,1,3,60.1672808952043
"3636",0.0404855462687556,0.619785071921069,0.0323152573185507,0.389932662721258,1,1,3,120.256800040536
"3637",0.503860875774408,0.747138628003886,0.881666245055385,0.0634112356998958,1,1,3,105.152909142309
"3638",0.724517096112249,0.810646857067477,0.650767965849955,0.339045124831609,1,1,3,126.267721038572
"3639",0.704721494555706,0.604919543750584,0.261061477625044,0.468659030704293,1,1,3,105.333099014108
"3640",0.322558089497034,0.221946347199846,0.177833080596756,0.185175640662201,1,1,3,46.778157872505
"3641",0.474557521429379,0.859371300529456,0.238116585252574,0.125571482107043,1,1,3,160.443746918381
"3642",0.60291254120646,0.626677153992932,0.676027294929372,0.15840244480758,1,1,3,92.5069697640958
"3643",0.327279529054649,0.39349986286019,0.725482809869572,0.190271727351937,1,1,3,57.2269033719391
"3644",0.1638114046806,0.643864142502425,0.487247593239881,0.963942535404349,1,1,3,102.739632692916
"3645",0.266239438067423,0.714217144962167,0.791903975864407,0.942533549984219,1,1,3,103.131975112453
"3646",0.143557138271863,0.722410332742147,0.745937087133061,0.746538915515412,1,1,3,106.230506528673
"3647",0.261936606356176,0.891190028392011,0.103731499578571,0.100283086701529,1,1,3,178.580229146833
"3648",0.357581608799519,0.793385734040057,0.633258059606887,0.00679049251717515,1,1,3,123.602858171102
"3649",0.657784883216955,0.766277494623791,0.183570103637176,0.211076200549724,1,1,3,142.88436650252
"3650",0.947620641305111,0.961896324326517,0.547914107389515,0.783468870450743,1,1,3,163.445659155909
"3651",0.285562195461243,0.435661299177445,0.348150638412917,0.0685563374124467,1,1,3,72.7545621107587
"3652",0.00849340743967332,0.115051913539646,0.292229940688703,0.770667409290327,1,1,3,32.2985317188507
"3653",0.518596565447515,0.412716070591705,0.754485656179022,0.114755296071526,1,1,3,59.0703414460513
"3654",0.825964849254815,0.252579254782759,0.927129680993967,0.89236643896671,1,1,3,37.8651540635153
"3655",0.745834050306585,0.092096371226944,0.817473381983582,0.769622624592157,1,1,3,24.3598918029701
"3656",0.170862198533723,0.131566562050721,0.00930955877760425,0.752396217293572,1,1,3,38.8413033397688
"3657",0.713772083385848,0.566148221010808,0.916910392885329,0.263396343508502,1,1,3,76.0787826813495
"3658",0.787230174971046,0.187174303141655,0.272137484805426,0.556320131935645,1,1,3,40.6538657839647
"3659",0.0567860233632382,0.607361387818819,0.224127905312926,0.0966860885091592,1,1,3,107.404235812415
"3660",0.231676218287321,0.336218931826297,0.501087422257988,0.729313518868294,1,1,3,54.6723070816676
"3661",0.556117119623814,0.867174275784055,0.755283724630717,0.0727915174176451,1,1,3,131.988422664904
"3662",0.135157476398163,0.558127138389973,0.855767619514372,0.406300409469986,1,1,3,76.5662133248932
"3663",0.805050851595588,0.510998751312727,0.328970036787214,0.669722879162291,1,1,3,85.7176371554606
"3664",0.593546165636508,0.385793900524732,0.490684974482283,0.730654974172357,1,1,3,61.588111934241
"3665",0.272047476433218,0.994270439045504,0.0501927750441246,0.252167488248087,1,1,3,211.309021926003
"3666",0.727886531373952,0.0793705782480538,0.875078509098385,0.763608299047919,1,1,3,22.8579285769199
"3667",0.535179317143047,0.17756965578883,0.558771205818048,0.160328040940221,1,1,3,35.0904543951031
"3668",0.508308060241398,0.529488879187265,0.598989827738842,0.48636364839389,1,1,3,79.6400500688765
"3669",0.694967009413522,0.470295260547427,0.977141869898187,0.826952438069275,1,1,3,61.8323699655559
"3670",0.248213205793872,0.368104740644339,0.185627192736138,0.657298223202815,1,1,3,67.3868197342903
"3671",0.731508243576391,0.269591884795809,0.620542802095879,0.414264424004359,1,1,3,44.1983723167243
"3672",0.426431856275303,0.0672685762390029,0.479844937992748,0.425024035024689,1,1,3,25.3974455296437
"3673",0.0454895620408934,0.120380105624208,0.955814807491843,0.939329616161995,1,1,3,25.4921491287254
"3674",0.394291266193613,0.637110674083233,0.254267130736262,0.0121521915774792,1,1,3,111.666957853806
"3675",0.120008495990187,0.0876767637673765,0.269375118967146,0.471507990035461,1,1,3,29.7808063843567
"3676",0.779425657218089,0.520426726555452,0.153672914009076,0.153852063674713,1,1,3,94.2695163397769
"3677",0.587655746076489,0.0192503987206146,0.42845168804517,0.281395178899402,1,1,3,21.7314062031503
"3678",0.816838232495356,0.0447199814824853,0.854771739448188,0.696436068189796,1,1,3,20.3505727751004
"3679",0.212356725118589,0.226299761638511,0.464931734594284,0.675352414805675,1,1,3,41.8660699729175
"3680",0.640979895860655,0.581912382508162,0.945974315971835,0.299259389461949,1,1,3,77.574309519878
"3681",0.760633977990365,0.341118977339938,0.0815405073843431,0.278354776705382,1,1,3,66.382503624362
"3682",0.740962057928555,0.966774449517252,0.071001819127705,0.483786877121311,1,1,3,201.908669471093
"3683",0.86792106567882,0.95233474169625,0.984953521116404,0.60698617916205,1,1,3,137.75305580251
"3684",0.0656259366951417,0.872930451154243,0.0210957123199478,0.775436924454989,1,1,3,181.603394565888
"3685",0.18351406607544,0.398202128129778,0.814795861118473,0.0460770504793618,1,1,3,55.9804084845871
"3686",0.561375599609455,0.408046114707831,0.382805562015856,0.532983582880115,1,1,3,67.616770174341
"3687",0.0936153426254168,0.330155188393546,0.46988644668716,0.601740854160162,1,1,3,54.5549459517719
"3688",0.84504129728768,0.301262675224571,0.0578029784595128,0.61098377514747,1,1,3,60.9851845525582
"3689",0.198782520914683,0.761936699135695,0.773181428374955,0.546598915448412,1,1,3,112.026239185483
"3690",0.527074575043516,0.946802946745884,0.697338947311509,0.439048536904156,1,1,3,151.116070540401
"3691",0.616125799900619,0.911321026559453,0.385639431764139,0.863097845208831,1,1,3,162.72858785487
"3692",0.85435070332489,0.989734026351944,0.985944138584891,0.797944162862841,1,1,3,144.930567874979
"3693",0.822084036421729,0.758320130498614,0.276737036090344,0.456902697755722,1,1,3,135.505079282366
"3694",0.706254378615413,0.550726942439796,0.172459085942246,0.118415002315305,1,1,3,99.0495836633713
"3695",0.767740874602459,0.172324018476065,0.299992827391252,0.838298896402121,1,1,3,38.4568022104138
"3696",0.687335807621712,0.537224997174926,0.953267482315423,0.686724276342429,1,1,3,71.1925263310591
"3697",0.332834735070355,0.652524969415972,0.905588042702293,0.366490829813993,1,1,3,89.2244102679828
"3698",0.16760313470033,0.98467069795006,0.0434817954723258,0.147295200385852,1,1,3,209.145179867656
"3699",0.770232197521254,0.802706515677273,0.108781800110592,0.587316036908887,1,1,3,156.740857849724
"3700",0.132319585860241,0.161910686738556,0.211562563421903,0.79463928237441,1,1,3,38.763364728185
"3701",0.609655452115694,0.275494991790038,0.733358041223837,0.323124295617454,1,1,3,43.0239767766885
"3702",0.301684650527313,0.498136164490134,0.843034215746447,0.898664910345105,1,1,3,68.508074953136
"3703",0.0890675152523909,0.242719668589998,0.9216221995058,0.50275443773251,1,1,3,36.9388773611187
"3704",0.205483647438232,0.918402382681379,0.541652679354884,0.0824812936002854,1,1,3,153.839163710648
"3705",0.47546388096991,0.476211586884456,0.625811063288711,0.0795785850402899,1,1,3,70.8349460482182
"3706",0.281922744021285,0.114341958404984,0.703958004078595,0.701726910253055,1,1,3,27.3215719408422
"3707",0.837737819108879,0.786656262819888,0.424643130965997,0.541698892615968,1,1,3,133.086767831282
"3708",0.931477108402178,0.907947061309824,0.972046285955003,0.853680711587658,1,1,3,130.135779315754
"3709",0.45717035364476,0.4454394124588,0.711083283261396,0.934710777554428,1,1,3,64.4671062097037
"3710",0.493030956713483,0.677149643092416,0.685948677557753,0.622864798931405,1,1,3,100.702845989083
"3711",0.874065499093849,0.972229249957018,0.784861558944685,0.24832773988368,1,1,3,151.43054579949
"3712",0.783779952389887,0.707568167767022,0.672394924785476,0.633872087354539,1,1,3,106.49254002245
"3713",0.107754044563044,0.93994008184527,0.682731174745131,0.812109749746742,1,1,3,150.67930807211
"3714",0.314735401021317,0.995979724428616,0.00430538865737617,0.884867443949915,1,1,3,217.257270975323
"3715",0.844507705386495,0.753792215584544,0.655721272631781,0.715252875010483,1,1,3,115.506744033566
"3716",0.800038564185379,0.168710845430614,0.661289885488804,0.432651416346198,1,1,3,32.8763786584554
"3717",0.715007688486949,0.490544726226944,0.943165264918935,0.879940606036689,1,1,3,65.1805375350182
"3718",0.032560532737989,0.352121989420848,0.165063699235907,0.584872261097189,1,1,3,65.5423681384682
"3719",0.885049122251803,0.545776142122922,0.305753641427727,0.641590718406951,1,1,3,92.6117072147421
"3720",0.654384964138735,0.196606484923977,0.506589463888668,0.402756285786163,1,1,3,37.8686447271743
"3721",0.236643518498167,0.532748695986811,0.579568523935741,0.17002446773462,1,1,3,80.6806381469976
"3722",0.610818997016177,0.40034374535433,0.583416346460581,0.511231261782814,1,1,3,61.3266524317868
"3723",0.530441362619167,0.45605363020557,0.0351029486127663,0.267517392653972,1,1,3,87.6313076637851
"3724",0.364494323008694,0.10318334411364,0.868404727895977,0.720339786511613,1,1,3,24.8307956752251
"3725",0.599668794744648,0.318386932713911,0.0778379758563824,0.28951902735862,1,1,3,62.9663705250962
"3726",0.159464985057712,0.836356978720287,0.707361808496062,0.57204263433232,1,1,3,128.612777650018
"3727",0.383853077862877,0.00896626120316796,0.562428286065115,0.818309158529155,1,1,3,19.7950254706744
"3728",0.52279404391069,0.377376546516316,0.566396047503222,0.352264636016916,1,1,3,58.6150549800769
"3729",0.309443501209607,0.624855225868523,0.78535395191866,0.906029526048806,1,1,3,88.7528045484839
"3730",0.638150503024226,0.733621175627923,0.761942026946926,0.391852417063201,1,1,3,107.463905849837
"3731",0.432583574873861,0.704197786430595,0.256699825716205,0.377648610628676,1,1,3,125.2173787652
"3732",0.54139540520031,0.364182601168286,0.441236967631849,0.140967734478181,1,1,3,59.7503683965157
"3733",0.480889653777704,0.424045998929068,0.438648781055817,0.270611808717949,1,1,3,68.3801232040389
"3734",0.832022662860109,0.307129879895365,0.0288125827885233,0.334766665273346,1,1,3,62.7322396755088
"3735",0.447272811956936,0.744635296972701,0.12333277535974,0.0515658156713471,1,1,3,141.83436355917
"3736",0.581719773663208,0.312849610482808,0.0973082791967317,0.462495584733551,1,1,3,61.564414903141
"3737",0.378534923687112,0.109215510095237,0.80884244262008,0.916379500962794,1,1,3,25.8685047004465
"3738",0.406441873714793,0.480292010795092,0.28325983098126,0.56444453677861,1,1,3,82.1974120319992
"3739",0.8933990804723,0.151958251314936,0.968931237623328,0.670007563077379,1,1,3,28.0225830425439
"3740",0.0516692408605013,0.0238729745720048,0.302085775369778,0.744718667790294,1,1,3,23.3392183560705
"3741",0.978959486066597,0.664313961402513,0.21537735780701,0.445243350685341,1,1,3,119.298506952116
"3742",0.684406816819683,0.648030742115807,0.912125276417937,0.222714552941034,1,1,3,88.2989145250095
"3743",0.178322437205352,0.501640001666965,0.64081610442372,0.497772068041377,1,1,3,74.213349538135
"3744",0.985121504742419,0.271185574601404,0.649003231355455,0.576793015403673,1,1,3,43.9136127080894
"3745",0.0235743798490148,0.372695432874607,0.47166599619668,0.201930933273397,1,1,3,60.1906336193509
"3746",0.91853899370064,0.831195567041868,0.341112285098061,0.316033622062532,1,1,3,147.333998626787
"3747",0.104637926340802,0.901126563913422,0.0943446735746693,0.691306755929254,1,1,3,182.470433229772
"3748",0.629170158482157,0.737446873986628,0.530092061361065,0.415283494876931,1,1,3,117.994717781497
"3749",0.795803905182984,0.594352324624779,0.601605507417116,0.947078502530931,1,1,3,89.9384066224768
"3750",0.94099939325708,0.442991360598244,0.446841545474017,0.858010699133156,1,1,3,71.0373233547902
"3751",0.463367205696413,0.0548559720115736,0.378452951355139,0.663423222304555,1,1,3,25.3379096185006
"3752",0.436622308569495,0.217945060158381,0.145190984291257,0.244098393825116,1,1,3,46.9693660638558
"3753",0.739690739352955,0.598179200314917,0.873553431886248,0.515162412552163,1,1,3,81.9627791036471
"3754",0.646602793460479,0.128646515139844,0.739439374653157,0.626875359882833,1,1,3,28.2359087984745
"3755",0.417870183698833,0.899860914980527,0.960779065588722,0.55264668097836,1,1,3,129.042739955912
"3756",0.154678091988899,0.573274502898566,0.225255170298042,0.712378390963422,1,1,3,101.057619358469
"3757",0.904381541578332,0.158244454546366,0.538966371173738,0.25902511616936,1,1,3,33.3828926639646
"3758",0.0105698919575661,0.0596419286890887,0.288592521349201,0.523280067218002,1,1,3,26.7849595074746
"3759",0.368288701386191,0.258171219801297,0.243617891808972,0.0924826282053254,1,1,3,50.0597515489615
"3760",0.395276376492111,0.0711092504498083,0.990651096174261,0.953471048544161,1,1,3,21.3552135880931
"3761",0.341662596218521,0.325489049048629,0.553855000161566,0.872744931903435,1,1,3,52.189482117222
"3762",0.623649203979876,0.958347155607771,0.0612666278029792,0.0402914215344936,1,1,3,199.964647921421
"3763",0.981047192900442,0.862193230527919,0.398903611684218,0.238608315376332,1,1,3,150.48469289334
"3764",0.454085635050433,0.211017038226128,0.617237103225198,0.199272163176211,1,1,3,37.7742375738152
"3765",0.113345201819902,0.505174332988681,0.132560869109584,0.912701405261178,1,1,3,92.5500345694623
"3766",0.0848725212190766,0.433686404869659,0.613717303664889,0.132335878519807,1,1,3,65.1269786443373
"3767",0.755149787146365,0.324088470101124,0.0160911434597801,0.165133481252706,1,1,3,65.7734450795988
"3768",0.935741023367736,0.248776318222517,0.117872870451538,0.304677222626051,1,1,3,51.7426035921565
"3769",0.354813325223513,0.67360751282773,0.365470684092725,0.292743296638364,1,1,3,113.491605527154
"3770",0.660190021897433,0.564098761558998,0.862440713957185,0.885055496528512,1,1,3,77.3114136962478
"3771",0.496135420401115,0.577502370278817,0.798820405201986,0.59167783618439,1,1,3,81.0263789900546
"3772",0.69843032479519,0.237212520099711,0.432182309970958,0.441506253171246,1,1,3,43.7003944657532
"3773",0.810683021200821,0.453485431964509,0.0114588945975993,0.866129324079957,1,1,3,88.2950278464466
"3774",0.990788056998281,0.349124738470418,0.357883785400772,0.682777723596664,1,1,3,59.7818940571399
"3775",0.373517718838993,0.728258664838504,0.23338337074616,0.597304742789129,1,1,3,131.690163324239
"3776",0.0253034012462012,0.929949572582264,0.320822379891761,0.311584224604303,1,1,3,171.312192716087
"3777",0.929334989535855,0.261217263744911,0.830146695807343,0.903462130555417,1,1,3,40.0641173108899
"3778",0.951363345998107,0.283168806738686,0.393415101879509,0.955298392147524,1,1,3,50.1309508588026
"3779",0.318040508255363,0.853014738120837,0.19131250350154,0.830968352039345,1,1,3,162.803368990568
"3780",0.99558818017249,0.190065735868411,0.801079268194735,0.785531025688397,1,1,3,33.271301482688
"3781",0.295785989683354,0.359860879107146,0.409203379692044,0.638357611593092,1,1,3,59.9936189583874
"3782",0.203390845903195,0.818075857897056,0.248272505181376,0.025564304998843,1,1,3,150.140403622489
"3783",0.185925645586103,0.489782098375727,0.723681661029113,0.21561610694509,1,1,3,70.2313202890462
"3784",0.346514651615871,0.88458167279372,0.570520293089794,0.383275043802569,1,1,3,145.224078731384
"3785",0.276357145010261,0.429213825550396,0.896998606682755,0.228174943757476,1,1,3,58.2314415487026
"3786",0.568443286227994,0.944278401710326,0.82679802556755,0.23183048640145,1,1,3,143.611965644041
"3787",0.0379668160097208,0.694585915569915,0.93111366210971,0.983780438868562,1,1,3,95.1128871862562
"3788",0.44276272769901,0.293960358701879,0.608975191612262,0.0301062910165638,1,1,3,47.2117341055995
"3789",0.259711906195153,0.140416079404531,0.138548389278585,0.3725630555104,1,1,3,37.51254092858
"3790",0.863998444264289,0.0143608281982597,0.206394001254812,0.804809962918516,1,1,3,23.4756604802082
"3791",0.791630326458253,0.97846471398836,0.354573303249199,0.0561770646343939,1,1,3,180.143257393045
"3792",0.630802337740315,0.829534249581629,0.370327534941025,0.015772000142606,1,1,3,144.931158816113
"3793",0.146738016179297,0.081882297428092,0.455409089794848,0.121635343628004,1,1,3,26.9788216751634
"3794",0.907076220791787,0.587995934204664,0.112070081181591,0.708385480542202,1,1,3,109.380248582221
"3795",0.19173992871074,0.0336259468179196,0.769965820609359,0.617428729160456,1,1,3,20.1274122979565
"3796",0.487118906687247,0.685165396456141,0.887135450396454,0.0854359350854065,1,1,3,94.8412742556174
"3797",0.574464686334832,0.209900893530576,0.126125932791037,0.348232592045097,1,1,3,46.3434909293559
"3798",0.577629608338466,0.135973101535346,0.939672602068167,0.737577334530652,1,1,3,26.9328145351911
"3799",0.0603339029476047,0.544634166798787,0.666270826358814,0.479784085153369,1,1,3,79.9297440100969
"3800",0.962160666511627,0.285856278339634,0.0464405586966313,0.451465676627122,1,1,3,58.9788130694383
"3801",0.0789065303222742,0.335641681551933,0.377067998440471,0.546400205566315,2,1,3,67.3269695982369
"3802",0.124380092746578,0.123731621473562,0.402532006889814,0.910251596787712,2,1,3,37.1596580601531
"3803",0.856029019015841,0.906151558262063,0.484116154272342,0.0647978424234316,2,1,3,181.335768178106
"3804",0.766551880986663,0.765401773226913,0.477715009088861,0.979748802963877,2,1,3,147.877565137139
"3805",0.942832542390097,0.889674747128738,0.337072326645721,0.769892932615476,2,1,3,188.782153252655
"3806",0.0865317501651589,0.0808679814566858,0.957152995230863,0.049897894852329,2,1,3,26.1772774679022
"3807",0.844157133129192,0.274809086844325,0.634697173199384,0.022089202455245,2,1,3,52.2060793867777
"3808",0.498448666313197,0.343296473256778,0.324264497227268,0.127164900171338,2,1,3,70.0608291782532
"3809",0.973606467454229,0.871195418325951,0.763844826652203,0.608931639018701,2,1,3,155.503019589809
"3810",0.287595319097163,0.115367172928527,0.794700304217404,0.159429587475024,2,1,3,31.0832760957007
"3811",0.608832712679869,0.0981382562720682,0.305916837502737,0.0544500467646867,2,1,3,35.5788714807534
"3812",0.573919003594201,0.0709820301039144,0.870635911537102,0.74119215767947,2,1,3,26.0691504814813
"3813",0.828072593616089,0.0380029494315386,0.239759947177954,0.30940757466713,2,1,3,29.6512906350493
"3814",0.388146655063611,0.739962917233352,0.645392163215438,0.888321053637192,2,1,3,133.022660890239
"3815",0.871183762956643,0.552622720332583,0.104135682740016,0.836363949490478,2,1,3,120.545116690516
"3816",0.038705760857556,0.751085596843623,0.725802174039418,0.149633750864305,2,1,3,131.16189457771
"3817",0.261259376789676,0.895770575038623,0.091674625671003,0.139082931461744,2,1,3,212.000837189121
"3818",0.143094716636697,0.991847514224937,0.0343271438835654,0.831675757417688,2,1,3,249.561178220295
"3819",0.720948011733126,0.243154033245519,0.131311166461091,0.877443245197646,2,1,3,59.4240253414831
"3820",0.186965049337596,0.790870849625207,0.108587499322603,0.807897351396969,2,1,3,180.594431510462
"3821",0.552582131219096,0.0280223780998494,0.242783114975318,0.635263509049546,2,1,3,28.5306472782466
"3822",0.710572651240509,0.825327829256421,0.53498311595642,0.851554119056091,2,1,3,158.466943109222
"3823",0.815603529202053,0.415948355902219,0.0359602712420747,0.828262634224957,2,1,3,94.3977187570367
"3824",0.0522295327042229,0.387487030228367,0.0139143364143092,0.634063678006642,2,1,3,89.5782293316443
"3825",0.667676148504252,0.445239969069371,0.721831740003545,0.613567442295607,2,1,3,75.2234826846249
"3826",0.900020767080132,0.823093399642967,0.164134810952237,0.0287101543275639,2,1,3,184.197669113737
"3827",0.991903704711003,0.506862331352895,0.946464057790581,0.193501494553639,2,1,3,78.772767573594
"3828",0.860117159010842,0.315923655112274,0.390474770332221,0.860081975535722,2,1,3,63.857320686407
"3829",0.693720439852914,0.998659865473164,0.842926879799925,0.54055235199281,2,1,3,180.416624169856
"3830",0.318971115119057,0.0513406589359511,0.801409109815722,0.94028329942259,2,1,3,24.9100006902423
"3831",0.220292417539749,0.199523830729304,0.862348792945268,0.00963636474567466,2,1,3,39.1938806682636
"3832",0.689529018385801,0.184010993775446,0.296741703205043,0.566789378275862,2,1,3,46.7214828408978
"3833",0.868175780373858,0.42297317816061,0.00829559509060346,0.553912279513897,2,1,3,97.1183135779677
"3834",0.510486095448723,0.113887232614215,0.124500836939551,0.962762561187847,2,1,3,40.7033514222141
"3835",0.197408952087862,0.0563897705881391,0.4396873996465,0.00452261539176106,2,1,3,29.1051888460653
"3836",0.911060616476461,0.00341343279229477,0.000913246265845373,0.679781580524286,2,1,3,29.0680063680362
"3837",0.00605812363908626,0.546787040750496,0.0572753140807617,0.674533937514061,2,1,3,121.883376126349
"3838",0.68223876234144,0.0243516975757666,0.692086957221618,0.339429914327338,2,1,3,23.4400854307272
"3839",0.676679990269477,0.637510952152079,0.704172037732787,0.483778117973125,2,1,3,109.501001774304
"3840",0.336904369774275,0.164384140596958,0.992171404347755,0.0740852006012574,2,1,3,33.8335392648373
"3841",0.351522883303696,0.530576573663857,0.606927765605506,0.824025265834061,2,1,3,93.3367323391371
"3842",0.783634310443886,0.912185038467869,0.57517413985217,0.372572028825525,2,1,3,176.752210023163
"3843",0.505350946462713,0.880343547213124,0.0460955203627236,0.47599485082319,2,1,3,212.354011259041
"3844",0.997399244866101,0.72284879226936,0.806884067313513,0.991268643740332,2,1,3,121.990279258094
"3845",0.84853485171916,0.938471687199781,0.076431732387282,0.281737224715762,2,1,3,226.904135524732
"3846",0.580135401687585,0.455112473077606,0.855554285908584,0.919984632574487,2,1,3,73.2382157549423
"3847",0.541854771139333,0.729435096206144,0.780731147859478,0.810612345027039,2,1,3,124.421552370402
"3848",0.823617274452699,0.345600558897713,0.934385237824172,0.276702398300404,2,1,3,55.8503058860582
"3849",0.111891738809645,0.61663612857461,0.710839333442273,0.213964130433742,2,1,3,105.197930101407
"3850",0.233556225545472,0.314597270018421,0.66326352962642,0.604413147694431,2,1,3,57.1279294329098
"3851",0.267305491671432,0.322848659426672,0.559850755763473,0.0149864652601536,2,1,3,60.5759959922449
"3852",0.43112990349764,0.693776509069139,0.218840549890883,0.225527336203959,2,1,3,146.650147467333
"3853",0.876700743202819,0.519147967287572,0.520325996511383,0.571618242048426,2,1,3,94.3725822512318
"3854",0.328105870353756,0.471406929013319,0.278326535740634,0.177867352901958,2,1,3,94.7513952728644
"3855",0.368562902970007,0.42852071610745,0.380628450973891,0.206333971740678,2,1,3,82.8981916289943
"3856",0.960377194146859,0.834288855862105,0.597246602397645,0.0768220900627784,2,1,3,156.346570415745
"3857",0.425940295957262,0.394847068120725,0.965929759407882,0.871715175487334,2,1,3,61.9118335999565
"3858",0.471275052033598,0.500675855793525,0.822284303454217,0.984558869673638,2,1,3,81.327938280055
"3859",0.0119687490270007,0.676776628392981,0.730217738141073,0.215286484392127,2,1,3,115.956741692971
"3860",0.526864421661012,0.537361559501151,0.766516105701448,0.619798759892583,2,1,3,89.0991136570594
"3861",0.650728017278016,0.656814374958631,0.462503848380875,0.443821859273594,2,1,3,124.284891139977
"3862",0.272661751373671,0.127809956560377,0.23241921667126,0.40615705039585,2,1,3,40.4957277180913
"3863",0.0610479201597627,0.262442497120937,0.229980210004142,0.345432485159254,2,1,3,59.7429418296415
"3864",0.930321759550134,0.966896902472945,0.258570074610179,0.946228992360411,2,1,3,217.596739809821
"3865",0.950312969421502,0.496078357354272,0.8764236677601,0.515141281251563,2,1,3,79.0223726338227
"3866",0.409050720480736,0.543860810829792,0.811882762418827,0.0873136672261171,2,1,3,88.6549887156552
"3867",0.436942073353566,0.359427421042928,0.652610150261316,0.898702908784617,2,1,3,63.8502360377227
"3868",0.643993358318694,0.232146025552647,0.414121366287582,0.291414876088966,2,1,3,50.9014989154864
"3869",0.763798540059943,0.0451315291039646,0.774290885666851,0.453031501673395,2,1,3,24.5847745681308
"3870",0.344110641164007,0.875147686519194,0.424566727414494,0.262189905862324,2,1,3,177.910586658961
"3871",0.35598345686798,0.562423961568857,0.37045491213561,0.924954864059109,2,1,3,109.056749172326
"3872",0.39540953131509,0.850518474866403,0.112276386565063,0.703500641238643,2,1,3,197.172573567143
"3873",0.500286859009648,0.229242430876475,0.456295817742357,0.532257659119787,2,1,3,49.6489712326332
"3874",0.593947940333746,0.900737009629374,0.716960016648518,0.907577315310482,2,1,3,165.152489518638
"3875",0.771680594359059,0.600429669292644,0.471197585685877,0.366741470141569,2,1,3,112.092743923649
"3876",0.281987148994813,0.0401408866862766,0.369112895755097,0.251752285958501,2,1,3,28.2559193116298
"3877",0.72645168686402,0.704289102898911,0.833971621148521,0.188607733621029,2,1,3,116.981975448396
"3878",0.979040331374854,0.772963581915246,0.888242444990901,0.361399200062733,2,1,3,128.269927168441
"3879",0.610588971434627,0.269667710249778,0.0295380587875843,0.575165392516647,2,1,3,66.8978364867454
"3880",0.229394282135181,0.167139496383024,0.183205504820216,0.404345833507832,2,1,3,46.7478909946014
"3881",0.789991431073286,0.492933337995782,0.0823738275421783,0.437325756109785,2,1,3,108.332313126194
"3882",0.300357189167989,0.409361425531097,0.21317430050578,0.122773256941,2,1,3,85.4970249438301
"3883",0.105520027459133,0.575808848167071,0.935251830301713,0.51247871447471,2,1,3,90.2978796422842
"3884",0.919172869530739,0.781863899250748,0.682598546133377,0.299342597618233,2,1,3,139.948123895064
"3885",0.885847414665623,0.0916265921387821,0.869638876003446,0.0349994937912561,2,1,3,27.9810414126811
"3886",0.958587031563511,0.757237735673552,0.0650231159490068,0.730089839335997,2,1,3,174.90989697215
"3887",0.560388385554543,0.916704759730492,0.0206897815072443,0.719444981301203,2,1,3,226.623850335151
"3888",0.477179043299984,0.589555939333513,0.310625683356775,0.272354842076311,2,1,3,117.464932118254
"3889",0.836360809617909,0.623025311370147,0.41840968827717,0.398329382590018,2,1,3,119.270857179222
"3890",0.093060513115488,0.174777863154886,0.751385135926539,0.800373317513149,2,1,3,37.9736303058601
"3891",0.546689798447769,0.443238381894771,0.65991796962684,0.561290364555316,2,1,3,76.6390002761539
"3892",0.322738812464522,0.835086626870325,0.0165776770049706,0.723593688603723,2,1,3,201.81857002452
"3893",0.177964641433209,0.817914097483736,0.158473538103281,0.104726166636683,2,1,3,183.339289209293
"3894",0.412792860722402,0.257691786774667,0.788461800859077,0.183186185314553,2,1,3,47.1975054596498
"3895",0.575961977974512,0.188218476132024,0.689129781501833,0.557022913853871,2,1,3,40.4055660205037
"3896",0.211043270006776,0.0173850656184368,0.353644266645424,0.926217047122773,2,1,3,26.1081173900088
"3897",0.154667656087549,0.581147940217052,0.84961165622226,0.590857576739509,2,1,3,93.938969546199
"3898",0.482891216848511,0.245420211302117,0.300154984450201,0.684006411951268,2,1,3,55.3954695090004
"3899",0.587587147026788,0.466082275464432,0.347225284113083,0.455825883002253,2,1,3,91.0424327308532
"3900",0.905887834974565,0.718369482621783,0.624743794469396,0.792472273105523,2,1,3,129.42930510081
"3901",0.375584803582169,0.777946054659551,0.442175788584864,0.902301476899302,2,1,3,152.974721463558
"3902",0.948058721957495,0.608830771038774,0.273696574361529,0.726315253425855,2,1,3,123.752670766744
"3903",0.922085988280596,0.512084481011843,0.707987064840272,0.891531181694008,2,1,3,86.6822040718173
"3904",0.418935541900573,0.483566952681867,0.490798445367254,0.643169990008464,2,1,3,88.9659870072688
"3905",0.0800392530567478,0.840088283579098,0.909413984798593,0.448146154677961,2,1,3,141.095992401137
"3906",0.719121341262944,0.521372727924027,0.91552928102552,0.223003924716031,2,1,3,81.9150370745827
"3907",0.255154983790126,0.798073547460372,0.386711440286599,0.597631758718053,2,1,3,161.337565540755
"3908",0.797175443655578,0.178480801430997,0.614879651747178,0.415984413353726,2,1,3,40.3799827252084
"3909",0.486432304945774,0.734932689362904,0.881585302316817,0.0697845991747454,2,1,3,120.900878861616
"3910",0.133717040201882,0.632269209740916,0.565179798485478,0.73611539293197,2,1,3,114.413654611432
"3911",0.200301515769679,0.932441433955682,0.679232695278479,0.932756837521447,2,1,3,175.109438683939
"3912",0.569516028935322,0.985500686679734,0.501300328838406,0.167432895018719,2,1,3,200.960864204736
"3913",0.599621746935882,0.848004355092999,0.140992587272776,0.428622713497607,2,1,3,193.628158934222
"3914",0.192569456531201,0.193621838415274,0.150042054268997,0.965061135091819,2,1,3,51.3309920881481
"3915",0.938296166448854,0.6885823901603,0.835320805320516,0.269260063956026,2,1,3,113.941202102277
"3916",0.298164325727848,0.430072592545766,0.978334067751421,0.24837144477875,2,1,3,66.5374888939475
"3917",0.168077976333443,0.21600524473004,0.55443982950761,0.649052260939498,2,1,3,46.0349013097911
"3918",0.277779779544799,0.566191967080813,0.359072734385263,0.623829149004305,2,1,3,110.299939585972
"3919",0.600449660629965,0.15676736347843,0.759115497965831,0.880163251399063,2,1,3,35.8767071993146
"3920",0.674324320735177,0.00765712263993919,0.341329305557301,0.589658278517891,2,1,3,25.2645895234407
"3921",0.734672697751084,0.401453691399656,0.573077655533561,0.84083857081132,2,1,3,72.3969393025669
"3922",0.23604987436207,0.861787290631328,0.0954023385292385,0.782635853394168,2,1,3,202.112277141002
"3923",0.516876093570609,0.788648587840144,0.282031454776879,0.628190886441153,2,1,3,166.284226421268
"3924",0.14989799158182,0.034862939765444,0.544304626510711,0.489390211388236,2,1,3,25.8058734345437
"3925",0.892021080766572,0.593025844943477,0.452870927177137,0.707524761485402,2,1,3,111.504401575497
"3926",0.851711820382625,0.22424365129089,0.560235968990019,0.133268160363659,2,1,3,46.9624960736036
"3927",0.0722723529313225,0.957590721735032,0.118166513288161,0.380776270931819,2,1,3,228.504159452889
"3928",0.219508981447434,0.0878090568352491,0.434408471133793,0.686394199435599,2,1,3,32.5709343447425
"3929",0.0955261995701585,0.0677659303101245,0.179908684811089,0.787414277485805,2,1,3,33.9355330439942
"3930",0.448444152491866,0.150545726954006,0.514967292217771,0.11787088035373,2,1,3,38.5868429424673
"3931",0.809441899885423,0.413518696895335,0.668731624213979,0.581191306813853,2,1,3,71.6619821663653
"3932",0.0671258294465952,0.748486802263651,0.643946032583481,0.0435299953992944,2,1,3,134.571914056117
"3933",0.163592748888768,0.365819351174869,0.616707730846247,0.314999991318909,2,1,3,65.6393482432894
"3934",0.981798554022098,0.764942171145231,0.735484588191612,0.424934727575164,2,1,3,133.729765509516
"3935",0.750011423578253,0.236059829292353,0.951836492676521,0.712786560811801,2,1,3,42.10831311705
"3936",0.305126747915056,0.48876427790965,0.485189652873669,0.79940769445966,2,1,3,90.1295794866666
"3937",0.172939072427107,0.453698486554204,0.926168400684837,0.0197700437076855,2,1,3,71.1537478283072
"3938",0.404601759618381,0.399480793703115,0.200582940567983,0.108663008558797,2,1,3,84.1291247806898
"3939",0.656837569483323,0.980301156962523,0.637256725529442,0.241513553077821,2,1,3,189.440577226608
"3940",0.36266615010798,0.628740328642307,0.527658398055937,0.774254720100435,2,1,3,115.393842704969
"3941",0.371285196394892,0.740520354408072,0.851493583077099,0.666400371638592,2,1,3,123.500633586828
"3942",0.702071107365191,0.01269147105515,0.628053625798784,0.0958063755952753,2,1,3,22.9512491478299
"3943",0.832399597262265,0.643745399470208,0.960206516539911,0.331152643935056,2,1,3,101.123541853271
"3944",0.384597155058291,0.670346850171918,0.268907911987044,0.776677373803686,2,1,3,138.113001104449
"3945",0.662683977843262,0.38249688595417,0.294779905377654,0.142157301049447,2,1,3,77.6883825203576
"3946",0.20900405143504,0.275264605669072,0.169007769403979,0.464779459690908,2,1,3,63.5081225432598
"3947",0.776811526612146,0.807254690006375,0.334068126401398,0.536479432255728,2,1,3,167.254300050838
"3948",0.928197398999473,0.475752438689815,0.254569556370843,0.203570682340069,2,1,3,96.6084118812636
"3949",0.460675026014214,0.131394707568688,0.897949559225235,0.752607672173763,2,1,3,31.5717271676975
"3950",0.467002320076572,0.708444540729979,0.546909632863244,0.939591340658953,2,1,3,131.248206699203
"3951",0.0160248503333423,0.712945146581624,0.363075761348009,0.358257750519551,2,1,3,142.257782036056
"3952",0.989881133999443,0.868486988421064,0.287933389522368,0.302441907937173,2,1,3,186.684357873052
"3953",0.183918261309154,0.325011784438975,0.580629864621442,0.857831771543715,2,1,3,60.4832917344065
"3954",0.697500745252473,0.100681132688187,0.249451617097948,0.351776900597615,2,1,3,36.7941499691552
"3955",0.156286166922655,0.662324944718275,0.209646433987655,0.490167210143991,2,1,3,139.770385386387
"3956",0.0321564466727432,0.287373306051595,0.97281281792908,0.154437039650511,2,1,3,47.8040477641593
"3957",0.740762788043357,0.137635155232856,0.405958308934933,0.655925850475905,2,1,3,38.7712685244375
"3958",0.707351063091774,0.681242143408162,0.426737021296285,0.0936915456014685,2,1,3,131.295228884981
"3959",0.624425475507742,0.201987947622547,0.0738998861506116,0.289254587311298,2,1,3,54.4617465221178
"3960",0.291770736392355,0.813006222967524,0.74723170409794,0.760461364634102,2,1,3,143.550682995869
"3961",0.443897338970564,0.891783100832254,0.185744145384524,0.662282603236381,2,1,3,202.312577162502
"3962",0.898873593888711,0.376429371514823,0.51566527364892,0.23178523013019,2,1,3,69.9354753658251
"3963",0.314769700071774,0.571692389813252,0.535423372269142,0.327555682713864,2,1,3,103.64308377381
"3964",0.617234247868182,0.855303883170709,0.82730736803147,0.997976940452354,2,1,3,148.668927333441
"3965",0.243521830640966,0.284179755618097,0.0600026729295496,0.758107839303557,2,1,3,68.4297176104365
"3966",0.00101580708753318,0.946420846871333,0.328524810572853,0.50482323631295,2,1,3,204.977888496481
"3967",0.965907153694425,0.954691882006591,0.495732359911781,0.0582882033730857,2,1,3,193.062405597577
"3968",0.247816574840108,0.141638560777064,0.903737597969594,0.4652609394514,2,1,3,32.5323775059608
"3969",0.125698355583008,0.0617355860222597,0.449500494587701,0.956817487326916,2,1,3,29.5690546440929
"3970",0.459482029395876,0.075084065470146,0.125479623905849,0.473851138100727,2,1,3,35.6975252854278
"3971",0.735308495748322,0.211814378047129,0.672474098959938,0.69556662313873,2,1,3,43.4935600974919
"3972",0.757729185358621,0.464734471251722,0.699540875171078,0.375719861055259,2,1,3,78.963561958222
"3973",0.0231211007200181,0.974819983540801,0.798805914234836,0.340023967797169,2,1,3,177.353871807397
"3974",0.74882623237907,0.941597055174643,0.893269298512023,0.507326398750301,2,1,3,164.100872210699
"3975",0.424195279924897,0.526443335516378,0.190581441989634,0.745089189991122,2,1,3,110.116138666819
"3976",0.347396270370809,0.598644931259332,0.222753244154155,0.388232248733984,2,1,3,124.167400400671
"3977",0.0426146877545398,0.668630633990979,0.395959489399102,0.0832477314770222,2,1,3,130.156292765819
"3978",0.253744239419466,0.107728366925148,0.468867555008037,0.0380185927334242,2,1,3,34.3063196446349
"3979",0.139240149905672,0.65210783947492,0.263697108243359,0.985562221987639,2,1,3,134.217093676252
"3980",0.493645217239391,0.92360170127009,0.920188375440193,0.526962712747045,2,1,3,158.592342327798
"3981",0.394691903685452,0.963087164881872,0.987712257754756,0.31513826374663,2,1,3,163.575045387779
"3982",0.638572077897843,0.437116741517093,0.149424907192588,0.199102586384397,2,1,3,93.4776988637671
"3983",0.62801546230563,0.361115342442645,0.198343977782642,0.16147114447318,2,1,3,77.2190155191422
"3984",0.881012349787634,0.303605457224185,0.170452651017113,0.816100229409058,2,1,3,68.2104975981037
"3985",0.453672438528156,0.292747135893442,0.31571022475604,0.952156873081112,2,1,3,62.2350180671222
"3986",0.102615796608152,0.648713971434627,0.592453748855041,0.430158848748542,2,1,3,116.436113919703
"3987",0.0471818288147915,0.928728802552214,0.0416615805472247,0.65374834989314,2,1,3,228.054347859103
"3988",0.812461302985903,0.147216624168213,0.136917343449313,0.258552275742404,2,1,3,44.9452499610754
"3989",0.521177692039637,0.332182892279234,0.604910562833538,0.847704240302555,2,1,3,60.9644080717043
"3990",0.557756996476091,0.20972294529085,0.509727436414687,0.498413612014847,2,1,3,46.0297833189502
"3991",0.0283587152231485,0.253436037062202,0.942249672719045,0.239901812250027,2,1,3,44.2390395677091
"3992",0.118502287062583,0.975449098803801,0.589935267474502,0.11287376213586,2,1,3,191.475864934571
"3993",0.794672929478111,0.373884910185589,0.81963106987183,0.32054379869136,2,1,3,62.0656807597131
"3994",0.058791511511663,0.557256296966225,0.999300517914817,0.173391963158501,2,1,3,85.2980642897244
"3995",0.802365479524014,0.610874580239179,0.776208135554334,0.690914474511519,2,1,3,101.790982045359
"3996",0.539606143333949,0.308775240548421,0.982338072432904,0.52339082122664,2,1,3,50.2971000867715
"3997",0.648585604247637,0.35421216172399,0.741331245586043,0.393854257100029,2,1,3,61.0058416578832
"3998",0.634864891780307,0.800285304405261,0.913725439853733,0.974852275756421,2,1,3,132.833202812791
"3999",0.532260719381738,0.29760779066477,0.0541938703740016,0.86942243614234,2,1,3,70.9968232032988
"4000",0.33362688447698,0.695691566793248,0.0855895079916809,0.411008397659753,2,1,3,156.575012228225
"4001",0.555494032559218,0.343595188398613,0.885293492281344,0.816345328411553,3,1,3,64.8849675177762
"4002",0.771223491128767,0.866391710696043,0.197202900603879,0.950998403762933,3,1,3,222.745521939308
"4003",0.759912100114161,0.545909704598598,0.201787622129777,0.588187127587153,3,1,3,130.424033853189
"4004",0.404610756618204,0.414137671507196,0.871568246288225,0.988286294197896,3,1,3,76.5442680249658
"4005",0.0183515639044344,0.835438392857322,0.857864402802661,0.006900964085944,3,1,3,163.307991520623
"4006",0.0574907939566765,0.0145473524811678,0.679968406844419,0.569936160505749,3,1,3,26.012328110248
"4007",0.213761850653682,0.216166336109163,0.16829837207566,0.956258498881943,3,1,3,62.2354420645854
"4008",0.108279399832245,0.193726441258332,0.623421980224084,0.971127643098589,3,1,3,48.2832654574156
"4009",0.392481135999551,0.426957995465491,0.827585432919441,0.131601054385537,3,1,3,79.8222583545298
"4010",0.0713914871797897,0.196044754802715,0.662366753187962,0.310768977508415,3,1,3,47.8699120010681
"4011",0.205981002870249,0.932411903032335,0.0202162434475031,0.171372369213495,3,1,3,265.023166332265
"4012",0.941745630219812,0.0352478160266764,0.111420266473433,0.499959311701823,3,1,3,35.7137276730355
"4013",0.024675905040931,0.148718745996011,0.897697802439798,0.230687839636812,3,1,3,38.2147984871078
"4014",0.858929131974,0.170200335714035,0.298093863502145,0.11723756232881,3,1,3,51.394019535077
"4015",0.114260707888752,0.000250270254909992,0.397920272506308,0.999175479603,3,1,3,27.4823125743511
"4016",0.792805520057445,0.628567244983278,0.425736655384535,0.385804062583484,3,1,3,137.738206770863
"4017",0.600950826510088,0.250941181228263,0.593225222362671,0.613040102724917,3,1,3,57.2057779089855
"4018",0.177045102808625,0.789453823756194,0.512192925075069,0.732035556425108,3,1,3,173.609627563775
"4019",0.257150552452076,0.370221988931298,0.25108407579246,0.39621847078437,3,1,3,88.3863152099547
"4020",0.277977413887857,0.519106183839031,0.862302814221475,0.372818971958477,3,1,3,95.3120343042509
"4021",0.0781624919746537,0.739213993821759,0.902795125604607,0.671635814822512,3,1,3,138.878004150474
"4022",0.267281866837293,0.650079263031948,0.0832719536277,0.528724278390873,3,1,3,166.472328468295
"4023",0.545435981353512,0.0347169893758837,0.824132779977517,0.415735908844508,3,1,3,26.6549129625746
"4024",0.0886711987096351,0.773554427783238,0.122891368794953,0.481373679829994,3,1,3,200.105690112953
"4025",0.649265582353109,0.0474625160370488,0.474158712975914,0.781749267745763,3,1,3,31.8938857807294
"4026",0.96328084738343,0.657415548437275,0.727993716769852,0.900675241301069,3,1,3,128.993873525701
"4027",0.619887874928536,0.742741702452768,0.908862711042166,0.949291044663405,3,1,3,139.446756140349
"4028",0.946057598550106,0.794203220718773,0.344553339958657,0.572673235757975,3,1,3,187.243526378122
"4029",0.76320753796841,0.261701757467818,0.441787940211361,0.335554556553252,3,1,3,62.4755428208957
"4030",0.861805527703837,0.169027248361381,0.262671301750233,0.508638173628133,3,1,3,52.0414129757749
"4031",0.430322857615538,0.550654277639696,0.79697904819157,0.86120785634499,3,1,3,103.729027782871
"4032",0.0651554425735958,0.564379488343839,0.284108130711829,0.305724749527872,3,1,3,130.110213098482
"4033",0.318507828328293,0.135928578128805,0.490708531445125,0.0744243400380947,3,1,3,42.7065507945406
"4034",0.366875484469347,0.85555608330993,0.8519601129496,0.0680453480640426,3,1,3,168.637143609855
"4035",0.950569885300938,0.800073744266992,0.229055858915672,0.0919720658485312,3,1,3,198.242709222718
"4036",0.510096220087726,0.952697146217106,0.149051477967296,0.225670494023943,3,1,3,256.423402286172
"4037",0.606880854241317,0.611471892030677,0.381865226421505,0.873686512298882,3,1,3,136.209253596563
"4038",0.272874284627615,0.594664110203739,0.236618632810423,0.576675574088004,3,1,3,140.599010157022
"4039",0.67077480055741,0.70086401596549,0.973038147630868,0.775839563609334,3,1,3,127.396786179014
"4040",0.190681283938466,0.444272194089135,0.78034585159854,0.926626449963078,3,1,3,84.3330688544765
"4041",0.302837678600336,0.726872153976001,0.578389418799197,0.472870241239434,3,1,3,153.112887238618
"4042",0.906165000697365,0.0623761240975,0.816329668739345,0.886188115825644,3,1,3,29.5696662689403
"4043",0.184256870561512,0.530434338100022,0.701398843545467,0.683627596839797,3,1,3,103.279312264815
"4044",0.924161914404249,0.0248744850640651,0.219652012177976,0.430345279888716,3,1,3,32.670013918124
"4045",0.527026633449132,0.345419494394446,0.983653801830951,0.0777588369045407,3,1,3,62.9581911144734
"4046",0.886281160414219,0.0806898872076999,0.00209157079807483,0.749279740107013,3,1,3,44.3268785787267
"4047",0.13697051318828,0.853964088943321,0.554773892159574,0.692348636029055,3,1,3,188.138618117335
"4048",0.69308167006704,0.141193608631147,0.0419894309609663,0.217971312501468,3,1,3,52.9458632624884
"4049",0.343711838603485,0.439018697253196,0.65467688418692,0.543683533873409,3,1,3,87.2957540795671
"4050",0.990443520967383,0.506132308823289,0.608051298902137,0.176836472316645,3,1,3,101.883255729523
"4051",0.174176967053209,0.269881710959598,0.180880284050945,0.560389644452371,3,1,3,71.4608281319954
"4052",0.587259268339258,0.455338700894499,0.960945658008568,0.14510978591512,3,1,3,80.9663213288849
"4053",0.539144554449013,0.64555466654012,0.438156599354697,0.514373815623112,3,1,3,141.227903402649
"4054",0.374929512953386,0.326558515013894,0.422141383799026,0.408136624438921,3,1,3,74.1441817695892
"4055",0.0509957216028124,0.987544004836818,0.507586247306317,0.350527083392954,3,1,3,230.801504216028
"4056",0.127988996163476,0.797545683231438,0.489248096155934,0.112511627846397,3,1,3,177.001513756856
"4057",0.936865681353956,0.660150662914384,0.730035362519557,0.0219028871878982,3,1,3,129.204306612063
"4058",0.661400036521954,0.274767583535286,0.753333350687753,0.158526113653788,3,1,3,57.3188538439673
"4059",0.579206238759216,0.896056555139367,0.988531458606012,0.967349739859346,3,1,3,171.171129333665
"4060",0.95669179127668,0.0860205402725842,0.353470732755959,0.214967160136439,3,1,3,38.3945109734877
"4061",0.100625725422287,0.639570921562845,0.332946940689581,0.890276009939844,3,1,3,146.154619342862
"4062",0.295217509063659,0.608488826786634,0.83215302818222,0.853980632412713,3,1,3,114.000246021045
"4063",0.0842595139204059,0.461077172855148,0.170400788809638,0.188526292020688,3,1,3,111.666291927348
"4064",0.717336078209337,0.990139968147269,0.326485590292141,0.899730508152861,3,1,3,250.017736162046
"4065",0.621909395795083,0.604959566434845,0.499399415833177,0.545622863912722,3,1,3,128.233949900218
"4066",0.803574823577656,0.913240652701352,0.0251155108597595,0.792918030450819,3,1,3,258.193258670386
"4067",0.64486503982218,0.7472832802427,0.954084361674031,0.274481477247318,3,1,3,138.109980378445
"4068",0.80807565756957,0.207519159604562,0.803708959065843,0.91526580507285,3,1,3,46.9930987634413
"4069",0.251730794704054,0.339836425600806,0.416424420429394,0.286423206900945,3,1,3,76.703657326757
"4070",0.810161657159915,0.200544495148351,0.571639219825156,0.913933044507867,3,1,3,50.2242564492389
"4071",0.53240916825016,0.891776347915875,0.564741167017492,0.356223207450239,3,1,3,197.744289718529
"4072",0.515504362932406,0.324052340246271,0.68084039329784,0.802476764891762,3,1,3,66.6309094540279
"4073",0.00533030764665455,0.826282541685505,0.265082928010961,0.530460237623192,3,1,3,203.417990595491
"4074",0.288989654831821,0.571533455307363,0.188547180884052,0.595627005505376,3,1,3,137.695287476192
"4075",0.995794878090965,0.214348032835405,0.446379920749459,0.384146878552856,3,1,3,54.8634679989051
"4076",0.428999678805703,0.949877590249525,0.230311336169252,0.367760334177874,3,1,3,246.408428985428
"4077",0.117755150621524,0.00978603405179456,0.741895700758323,0.448097236248432,3,1,3,24.9557850262082
"4078",0.970397736409213,0.243746104645543,0.838694264327642,0.713757774800761,3,1,3,51.2759708658419
"4079",0.658468580720946,0.433708544494584,0.0796114745584782,0.88132330766879,3,1,3,110.161328856367
"4080",0.145354033211479,0.470381181633566,0.316369497921551,0.799366153087467,3,1,3,106.821863837734
"4081",0.599562632347224,0.296572398638818,0.524541412780527,0.757971059739357,3,1,3,66.1133960376716
"4082",0.0277164302486926,0.580089450431988,0.401591299269348,0.607915657969424,3,1,3,127.534409127081
"4083",0.571443715186324,0.312859760858119,0.371125619455706,0.0589955882343929,3,1,3,73.2002920510938
"4084",0.457025459548458,0.711296272013569,0.544383509918116,0.48910072583938,3,1,3,151.258950502141
"4085",0.245734402498929,0.0689307014516089,0.104190565575846,0.293737560788868,3,1,3,40.4747446645626
"4086",0.983423327064374,0.381442572546657,0.320551077250857,0.821319375124294,3,1,3,88.0233906824978
"4087",0.554305053576827,0.717166351248743,0.293339814716019,0.462326449380489,3,1,3,169.338610978366
"4088",0.14260947301751,0.998171479692683,0.277116860790411,0.138818492725259,3,1,3,257.239210533474
"4089",0.736456582035171,0.68036648991867,0.273391764897387,0.120415873473976,3,1,3,160.48031247095
"4090",0.77964506255812,0.0267395046842284,0.244505096349167,0.866883721776539,3,1,3,32.5464935678198
"4091",0.849020981084323,0.176337212477811,0.355866347673582,0.206793756273109,3,1,3,51.0640759996739
"4092",0.697225837336155,0.585209657633677,0.468452311973088,0.0895189689018298,3,1,3,125.082864789537
"4093",0.932626396910055,0.35141728841234,0.303462510762038,0.152234503739746,3,1,3,82.6567546307212
"4094",0.918165180713404,0.527755389317172,0.671133374526398,0.0044106588838622,3,1,3,103.732346736526
"4095",0.000878810419235378,0.403827782211592,0.936551693232032,0.763068378823809,3,1,3,73.1621201750673
"4096",0.580294160187477,0.224744886137778,0.934113613674417,0.697350675552152,3,1,3,47.110951707738
"4097",0.591545434764121,0.618916525433306,0.00647627826430835,0.0160576577752363,3,1,3,163.270119211438
"4098",0.878630469321506,0.448330536517315,0.360078503935365,0.502109567704611,3,1,3,100.102661222276
"4099",0.0924609235674143,0.494933868453372,0.580975267678732,0.602919568063226,3,1,3,100.770730093551
"4100",0.360326158062089,0.674617676872294,0.010770296578994,0.249812408445869,3,1,3,179.654105549081
"4101",0.327804948887788,0.301942068347707,0.0739584365591873,0.345563528509811,3,1,3,81.4800214247376
"4102",0.654285404363181,0.665623606157023,0.588850371764274,0.256354632908478,3,1,3,137.621694641052
"4103",0.829960211364087,0.286478562805569,0.762533911296632,0.266507843758445,3,1,3,58.8750772659216
"4104",0.237112450180575,0.355409646542976,0.0486982086172793,0.167754989488749,3,1,3,93.770847042692
"4105",0.291082863209303,0.488684847953264,0.1068867374619,0.18302027883823,3,1,3,121.688838296545
"4106",0.0385113963054027,0.248234201237792,0.376750536963809,0.0641609500162303,3,1,3,61.9062174671416
"4107",0.0427561328443699,0.8171379551664,0.0651719437807333,0.738060738248751,3,1,3,220.087533469503
"4108",0.852491760281846,0.631106389024062,0.748901256888639,0.838461981231812,3,1,3,122.26701612723
"4109",0.977294215884758,0.776623160077725,0.0575791676563676,0.846466117042582,3,1,3,207.64469682663
"4110",0.669338719694642,0.87822081967257,0.064492587398272,0.632802826936822,3,1,3,240.842718251794
"4111",0.24210500950343,0.387984227822162,0.878584638158791,0.668535363434348,3,1,3,72.0363249887146
"4112",0.216809486775892,0.361385317444801,0.668825425581308,0.49229874882265,3,1,3,73.0937151552576
"4113",0.121480784140294,0.808437855064403,0.806580468957545,0.96300994603429,3,1,3,160.141484603819
"4114",0.831639368889155,0.502155686594779,0.617611310505308,0.832730422815075,3,1,3,100.84258556674
"4115",0.711977219081018,0.423436740087345,0.613293941388838,0.444476349011529,3,1,3,85.7492759268444
"4116",0.204313224939397,0.282451634312747,0.289521851793397,0.296735654644435,3,1,3,70.2861845318701
"4117",0.132621897064382,0.765187346467283,0.790074354661629,0.723430637009442,3,1,3,150.5789912715
"4118",0.520782747655176,0.849685841309838,0.164268825122854,0.0491353637701832,3,1,3,219.810558194139
"4119",0.799032059734454,0.331658717449755,0.34738525314955,0.518944632995408,3,1,3,77.4571907806882
"4120",0.348956603938714,0.690564493406564,0.599798446429195,0.329298666199902,3,1,3,142.979276557534
"4121",0.452694725256879,0.916645719364751,0.566541125846561,0.52156588691636,3,1,3,204.81949248494
"4122",0.283532686359249,0.121373780438444,0.63513629932655,0.43838692275458,3,1,3,38.561169612899
"4123",0.708100954811089,0.106752994671697,0.155125453401124,0.828919144336833,3,1,3,44.9605610680311
"4124",0.824002204865683,0.780070120956516,0.706094797317637,0.765704406463774,3,1,3,158.906476840265
"4125",0.406594619585667,0.844926174961729,0.947400059949141,0.342873715055175,3,1,3,160.865284853118
"4126",0.435284083568258,0.395638617593795,0.11788826740114,0.650108907389222,3,1,3,99.5228493531219
"4127",0.969125281395391,0.131521058421349,0.685480505226878,0.725027019402478,3,1,3,39.0915663212224
"4128",0.354932539847214,0.468887316320324,0.138250961621525,0.584063529450214,3,1,3,115.294403139434
"4129",0.471761918166885,0.541317025085446,0.978739447912667,0.982773362175794,3,1,3,95.708833205716
"4130",0.0478350470541045,0.0425632326689083,0.759504632451572,0.27592268799548,3,1,3,28.0815037855737
"4131",0.413024171546567,0.236719295618823,0.150738996573491,0.400111805693014,3,1,3,66.3499884296136
"4132",0.700388929658802,0.734018654025858,0.768438197718933,0.223614492607303,3,1,3,144.194879726002
"4133",0.481288732463727,0.864326049996307,0.525942010775907,0.332356883970788,3,1,3,192.947205108064
"4134",0.769487215209519,0.482746190885082,0.559198617968941,0.930555122509832,3,1,3,99.203160383049
"4135",0.5068407160684,0.624560854969313,0.999485744885169,0.362594287355896,3,1,3,110.69520541678
"4136",0.894471982095856,0.0550750833307393,0.813647163690766,0.425784463521559,3,1,3,28.8283104437913
"4137",0.686876428007381,0.129798153525917,0.248027921088506,0.100871565393172,3,1,3,46.4031141626991
"4138",0.163625645904103,0.88679808727582,0.313715834756149,0.0954685908893589,3,1,3,217.176791173889
"4139",0.418208331963979,0.814014923106879,0.454819385916926,0.192282489475328,3,1,3,184.097226914927
"4140",0.731534590427764,0.164838097700849,0.391951434127986,0.742165437741205,3,1,3,48.6290342932715
"4141",0.780278350763256,0.535519187845057,0.547855996292783,0.908741157659097,3,1,3,110.601206249158
"4142",0.866027125185356,0.821220619737869,0.894829023299972,0.198318945742212,3,1,3,157.990000851891
"4143",0.562159205541248,0.225960110186134,0.257252153654117,0.203656809296226,3,1,3,61.3779237631583
"4144",0.787081857786979,0.18283526141895,0.775701149456436,0.658855757958954,3,1,3,44.2087702289205
"4145",0.637927204613807,0.967972839128925,0.772634224238573,0.717776756690582,3,1,3,203.721768646597
"4146",0.841502949283458,0.831017673980677,0.482887983147521,0.805562883324455,3,1,3,187.136812259915
"4147",0.375552345440956,0.407324143022997,0.959870952611091,0.625128363610711,3,1,3,73.1373323138656
"4148",0.495471807133872,0.942509720340604,0.737314345133491,0.241849813458975,3,1,3,198.927138417077
"4149",0.610219249249203,0.291816005153814,0.0340915006154682,0.552874087480595,3,1,3,81.0211505470141
"4150",0.330278543588938,0.479147845752304,0.409980984149734,0.109828653879231,3,1,3,104.387946454841
"4151",0.723538653105497,0.277451180692296,0.969328937684186,0.0290633852523752,3,1,3,53.5141621380154
"4152",0.682185504697263,0.874815639016451,0.993617683468619,0.842880998691544,3,1,3,165.700256337501
"4153",0.493941119420342,0.514196408995194,0.209117490511853,0.458046854408458,3,1,3,122.220382276424
"4154",0.751007776989136,0.921303582176333,0.192323083430529,0.0838177944463678,3,1,3,240.514697401329
"4155",0.898321366508026,0.762410153747769,0.600634825066663,0.0362271934002638,3,1,3,160.407493377294
"4156",0.233811264390824,0.973169732008828,0.538731804371346,0.26048572903499,3,1,3,223.534958793825
"4157",0.356798586798832,0.520567662273534,0.335591409112094,0.142420209677657,3,1,3,116.97472290958
"4158",0.987303921615239,0.721479549005162,0.929189210426994,0.556916535837809,3,1,3,133.701486497887
"4159",0.261555768415565,0.960329301884631,0.710503299841657,0.45428424833226,3,1,3,206.033053424307
"4160",0.676104419048643,0.926188846633304,0.6302960226906,0.85678088241606,3,1,3,202.769644298501
"4161",0.883542644520057,0.984331722623901,0.475804871935397,0.162162340548821,3,1,3,232.496321996263
"4162",0.062699865483446,0.0172627572761849,0.365102121229284,0.675294192702277,3,1,3,29.785217984262
"4163",0.227876292259898,0.116457338735927,0.64846369389561,0.317794784725411,3,1,3,37.75940880967
"4164",0.339142369428882,0.189345878446475,0.0160132216243073,0.30163573460537,3,1,3,61.9727379333154
"4165",0.746595669990638,0.900003002933227,0.918593158038566,0.943328599164961,3,1,3,176.236338100469
"4166",0.626552877137437,0.0972906320157926,0.0509976559702773,0.920201249456732,3,1,3,45.7825194473706
"4167",0.903976732735755,0.156235586227849,0.464010201416677,0.640810203726869,3,1,3,45.9931793008046
"4168",0.0982017261977308,0.752269756337628,0.130526923654834,0.394709358058171,3,1,3,192.757630365335
"4169",0.167569590845378,0.596418526236666,0.840412003831007,0.937155802107882,3,1,3,111.226612914012
"4170",0.311370015488938,0.0724966184725054,0.0916103757475503,0.700408415305428,3,1,3,41.2432062872156
"4171",0.477423861089628,0.255110781911062,0.880916809372138,0.811448551474605,3,1,3,52.0830997106464
"4172",0.72848811181495,0.678279259498231,0.0852341490040999,0.251394436096307,3,1,3,174.355870965236
"4173",0.913590408542659,0.0921854920941405,0.532309177020797,0.237486609676853,3,1,3,36.4415458684858
"4174",0.321517584313406,0.57819997254177,0.0350600899662823,0.648490835251287,3,1,3,149.894225948033
"4175",0.154874726982089,0.111973237303318,0.92085828688927,0.976281761395512,3,1,3,33.7598906558448
"4176",0.742795161101967,0.689095601291629,0.696282994756475,0.0304234581836499,3,1,3,137.390940586214
"4177",0.630144072021358,0.418542179451324,0.912828934957506,0.322803457533009,3,1,3,76.1267295705651
"4178",0.420025345194153,0.102660551804584,0.693989296873333,0.663431254520547,3,1,3,35.4900978125963
"4179",0.449970973954769,0.367573775405763,0.944195003316272,0.615624190365197,3,1,3,67.23563823952
"4180",0.4419222985534,0.559609176160302,0.641865687188692,0.129117904155282,3,1,3,111.499363084616
"4181",0.81582380871987,0.755969999018125,0.0982905613724142,0.707270772000775,3,1,3,197.059206549433
"4182",0.220833860218991,0.642439159289934,0.387184857841348,0.59486653745058,3,1,3,143.478088315617
"4183",0.159949339419836,0.0518481689959299,0.125451987250708,0.623441557524493,3,1,3,37.7136219790328
"4184",0.199976530511631,0.23450754770427,0.787648727867054,0.991224459027871,3,1,3,50.935741839755
"4185",0.929136822232977,0.958936603515176,0.458742657192051,0.53792401452316,3,1,3,226.629496466069
"4186",0.466941481765825,0.153091530911624,0.848369813754689,0.0537172352266498,3,1,3,39.3919292766533
"4187",0.395390372216934,0.377384884207277,0.519480440890184,0.475155057228403,3,1,3,80.3090501998562
"4188",0.565121959217358,0.454590490715345,0.500649581853068,0.878087234859122,3,1,3,95.7931131432286
"4189",0.185110849565826,0.977988325703191,0.71583457171917,0.751627029690426,3,1,3,210.811795022519
"4190",0.541568767786957,0.567511747350218,0.656778352014953,0.378763866662048,3,1,3,112.609761876559
"4191",0.0333598590723705,0.880702504960354,0.869109751483193,0.772359143676003,3,1,3,174.309812258062
"4192",0.380871130814776,0.078156593615422,0.720926974557806,0.689917077989085,3,1,3,32.3427920941881
"4193",0.502233215830056,0.908579498579493,0.14302036566427,0.786468559012283,3,1,3,242.473103780507
"4194",0.0120463318214752,0.305198785616085,0.626558830018621,0.284342225571163,3,1,3,64.89349945397
"4195",0.870248418269912,0.939496032209136,0.222059565233067,0.0139704564819112,3,1,3,243.2508335952
"4196",0.307068717912771,0.699103583700489,0.178383937161416,0.467459588828497,3,1,3,173.003577961903
"4197",0.487275462322868,0.709757900206605,0.412928307041293,0.0418260963377543,3,1,3,158.77415099848
"4198",0.838374671937199,0.391831509568729,0.433105824853992,0.635817420078674,3,1,3,85.9270621283365
"4199",0.386393879601965,0.496537561852019,0.306973754531937,0.412311584467534,3,1,3,113.016771484636
"4200",0.463265401319368,0.316184713325929,0.213286361254286,0.424928900146624,3,1,3,79.1051791609996
"4201",0.0456882051436696,0.453843764314661,0.0934035683155525,0.756479427051963,1,2,3,84.6866263105963
"4202",0.122138110145461,0.0474907658423763,0.135510523759294,0.882348949769512,1,2,3,27.4561498336915
"4203",0.0281721293088049,0.859789164927788,0.817062045490602,0.969345059219049,1,2,3,127.664532814283
"4204",0.372867395782378,0.154032994044246,0.910590368047124,0.54760594310239,1,2,3,28.7360051118921
"4205",0.607680226819357,0.192380473003723,0.403876646073768,0.812452864008956,1,2,3,38.9780835876909
"4206",0.440504831008147,0.977662670786958,0.770298027476529,0.916930141189368,1,2,3,153.049572426202
"4207",0.931819329630816,0.128572696775664,0.82604458262329,0.335508497613482,1,2,3,27.3311326412511
"4208",0.390966555520426,0.423644454831956,0.994885546272853,0.725279721069383,1,2,3,55.6104943643078
"4209",0.970195344155654,0.377321951163467,0.0576790323748719,0.43665785292862,1,2,3,72.8729661124971
"4210",0.115575376043562,0.447749646363081,0.406567404762609,0.133521707542241,1,2,3,72.6209316929839
"4211",0.340187343808357,0.952479215440107,0.839042132950854,0.0514334431604948,1,2,3,143.515070090285
"4212",0.554417168851942,0.538922016954748,0.640152239693562,0.953952010845533,1,2,3,79.7300894119939
"4213",0.675214568705996,0.299862124315696,0.507000441054115,0.761456042268546,1,2,3,49.8407335485461
"4214",0.864116098692175,0.927018888186431,0.649896782054566,0.595313690430485,1,2,3,149.0167702872
"4215",0.611791082004784,0.342276358362287,0.710782793699764,0.712286571736913,1,2,3,51.1038547580819
"4216",0.0520454965229146,0.517889721124666,0.87528836249141,0.898507183928741,1,2,3,70.3070964690261
"4217",0.150235344964312,0.768371199475368,0.19718845072668,0.00112015419406816,1,2,3,141.329808041949
"4218",0.54438854153268,0.0297728686768096,0.208882127403049,0.517350749303587,1,2,3,24.8494285025024
"4219",0.522335521372734,0.662067207617219,0.174369670125889,0.0491819751926232,1,2,3,120.199714512368
"4220",0.539882800380001,0.183836358950939,0.833855512726586,0.65384783601854,1,2,3,32.2613590442683
"4221",0.555834387125215,0.778439921814715,0.588198541740421,0.256869226503186,1,2,3,122.423394599525
"4222",0.802951087680412,0.0550345531501807,0.946692211128539,0.481930754033383,1,2,3,20.4528721312099
"4223",0.59932533504325,0.922560366912512,0.568401736012893,0.782678677844815,1,2,3,152.900070002755
"4224",0.0795054977340624,0.969273961824365,0.561730617411668,0.633691139657749,1,2,3,163.287212223526
"4225",0.180344669894548,0.893566862822045,0.053511780136032,0.863432940563653,1,2,3,183.245027219041
"4226",0.915715322771575,0.513556094839005,0.0843090854375623,0.105447460698197,1,2,3,95.665446563668
"4227",0.642248313119635,0.99811255589826,0.132241454136092,0.530871254409431,1,2,3,203.224788882729
"4228",0.836261200470617,0.721200353364693,0.331126878065988,0.291165275883395,1,2,3,124.033903815926
"4229",0.86967331446358,0.254336906839162,0.893459576984169,0.589762037850451,1,2,3,38.4275156856285
"4230",0.369871565980138,0.468104317408288,0.847692297962494,0.851097792070359,1,2,3,64.2313791701816
"4231",0.899533597499831,0.708322504806565,0.611195268905722,0.960527957467129,1,2,3,108.866075506047
"4232",0.902940879992675,0.867160125192022,0.765481664403342,0.0145843542239163,1,2,3,130.641981461992
"4233",0.0850506304483861,0.823077604727587,0.246009265577886,0.192145215329947,1,2,3,150.634110217674
"4234",0.458857697055209,0.624027228640625,0.141529791021021,0.207069091472076,1,2,3,114.402166485439
"4235",0.647324558494147,0.655889149813447,0.270573941536713,0.00679830233217217,1,2,3,113.912464657779
"4236",0.560445418093586,0.406708721899195,0.186337851457065,0.269215239525074,1,2,3,73.2060135155482
"4237",0.47538226107019,0.637506256650668,0.352744328563567,0.53613045886741,1,2,3,106.918913167369
"4238",0.139983969873283,0.300882800907129,0.0371372107742354,0.0698049770202488,1,2,3,61.3062400807521
"4239",0.978913976724725,0.494459845061647,0.153549036878394,0.608629201961448,1,2,3,89.4116109841323
"4240",0.0188331700058188,0.574376981722889,0.00507041941629723,0.0179683474218473,1,2,3,111.477602884713
"4241",0.724207772229565,0.0306232583348174,0.0215288383164443,0.903342431944329,1,2,3,27.2453657372676
"4242",0.233886668687919,0.917805147572653,0.749390387380263,0.143519436157076,1,2,3,141.371041053907
"4243",0.955293595645344,0.36984060316463,0.763093784741359,0.243869270829018,1,2,3,53.3996822977919
"4244",0.983214234112529,0.392101391396718,0.704066946497187,0.227249038654845,1,2,3,57.3702246615435
"4245",0.134011935220333,0.809103540793294,0.720425933026709,0.459999116929248,1,2,3,122.292323154055
"4246",0.761420098475646,0.111518101930851,0.683502592055593,0.868005598036107,1,2,3,27.2591051443994
"4247",0.72542329542106,0.49751546657877,0.619035293377237,0.973745566139696,1,2,3,74.121055427949
"4248",0.770000675437041,0.719626842958387,0.0151093475602102,0.577327554088552,1,2,3,143.165137696404
"4249",0.430037425799528,0.987192566995509,0.982438737539342,0.0771176469163038,1,2,3,143.272862115073
"4250",0.0678181108646095,0.912011781985639,0.348214894648408,0.230827724102419,1,2,3,163.976016815727
"4251",0.463456816545222,0.189529170750175,0.0720456647174433,0.472331812180346,1,2,3,44.8039337922654
"4252",0.844938593992265,0.796709655382438,0.339960088876542,0.446642843881855,1,2,3,139.301292463805
"4253",0.703776684472105,0.561261097921524,0.900859816771699,0.672356852660887,1,2,3,75.685785411023
"4254",0.546812379917828,0.742092527996283,0.74427174433833,0.12555786330835,1,2,3,109.010788961977
"4255",0.308391268914565,0.772717980076559,0.0467491857078858,0.040963289871579,1,2,3,152.655104203262
"4256",0.962539814701304,0.355194227237953,0.882992629859364,0.66800495145726,1,2,3,49.5380445962761
"4257",0.928139972420177,0.810691097199451,0.290718654771335,0.922997085148236,1,2,3,145.680951671843
"4258",0.711882626977749,0.598610617207596,0.390853441585787,0.981670980866766,1,2,3,98.3505865907912
"4259",0.291460942509584,0.324951172746951,0.228183870405192,0.340734510770999,1,2,3,59.5464261145918
"4260",0.579301190184196,0.362951934506418,0.939525130577385,0.358770343589131,1,2,3,49.4369389619551
"4261",0.113805692124879,0.043410354165826,0.549710895725293,0.765720989736728,1,2,3,22.6594919750596
"4262",0.258838725632522,0.878731942514423,0.232243739292026,0.0319291430385783,1,2,3,164.061706222324
"4263",0.346253257126082,0.652780160165857,0.114953758518677,0.8312852032925,1,2,3,122.179732559957
"4264",0.68188409592025,0.16289915216621,0.540049235406332,0.182087036652956,1,2,3,33.7904519764681
"4265",0.175313399812439,0.090817439595703,0.583562190063531,0.600729929785011,1,2,3,26.4236162474847
"4266",0.692175167964306,0.287334921789588,0.31381112326635,0.592281852492597,1,2,3,52.2974467934542
"4267",0.846948433237849,0.100074158988427,0.0334686033078469,0.325842439926928,1,2,3,34.5945506932258
"4268",0.126042059484171,0.842004104191437,0.0404370264266618,0.703177109379321,1,2,3,170.99518520138
"4269",0.33988628609688,0.0846448992891237,0.523314979941351,0.250212332234951,1,2,3,26.4792103701256
"4270",0.166433323679958,0.728731417325325,0.156906000394374,0.124260146950837,1,2,3,135.377013448007
"4271",0.827809536112472,0.139683665325865,0.413778277141973,0.288533298677066,1,2,3,33.1207067242875
"4272",0.880440387360286,0.480187585696112,0.897569106038427,0.148809650306357,1,2,3,64.5715179160599
"4273",0.388279792770045,0.294914996912703,0.574123493164079,0.893157080276869,1,2,3,47.9582623821423
"4274",0.20863335676142,0.105913245546399,0.858522390787257,0.553544240145711,1,2,3,25.1192104238147
"4275",0.650585524750641,0.760618067967007,0.0779719192243647,0.345501778975595,1,2,3,148.036063790105
"4276",0.202146348648239,0.233502736084629,0.955988720294554,0.262346207733499,1,2,3,35.5517590748552
"4277",0.437733442672761,0.238694994302932,0.539193015008932,0.365908186808229,1,2,3,41.9616405136215
"4278",0.334571180496132,0.203160889062565,0.0133646456303541,0.64171783989761,1,2,3,47.9560685809493
"4279",0.24184229793027,0.0139161669160239,0.258821770497598,0.73540885727969,1,2,3,22.8753466412256
"4280",0.0919685422081966,0.835019211599138,0.736317385471193,0.508921083998866,1,2,3,126.440377513383
"4281",0.830788218649104,0.174406776616815,0.481782386979321,0.460883465525694,1,2,3,35.809042034616
"4282",0.91181534542935,0.11980381440022,0.306043180723209,0.800938268555328,1,2,3,32.5728296188657
"4283",0.87814558764454,0.00893770235124975,0.164942569049308,0.487501184693538,1,2,3,23.4005292342991
"4284",0.158833001005696,0.256831091068452,0.692482422579778,0.420743504442507,1,2,3,41.5463567329433
"4285",0.0816016824753024,0.87261494266917,0.365377129982226,0.16619062728365,1,2,3,153.862548602315
"4286",0.820491112075979,0.600776893527945,0.716547013049712,0.930979887198191,1,2,3,86.9489375679123
"4287",0.468924817241495,0.0641758218826726,0.997930764793418,0.905958856504876,1,2,3,20.7774788440273
"4288",0.948436500519747,0.831300076448824,0.434137662687572,0.512085674608825,1,2,3,141.19334151469
"4289",0.76871089987224,0.6416964890284,0.677741412702016,0.425741090773372,1,2,3,94.6767065817403
"4290",0.698558439736953,0.124619002190884,0.101574408870656,0.7971421873488,1,2,3,36.2902317591171
"4291",0.416758407688467,0.385226484492887,0.862130896408344,0.563817570147803,1,2,3,53.4392114643365
"4292",0.399549546308117,0.933454940028023,0.627919976538978,0.990971114777494,1,2,3,151.886107004997
"4293",0.668211372079095,0.418951512740459,0.759056086170021,0.310531368080992,1,2,3,59.6685566722508
"4294",0.534959220160963,0.216549421144882,0.941723570573377,0.733660683615599,1,2,3,34.1221268247082
"4295",0.500956591009162,0.319233225856442,0.933768812422641,0.785896808381658,1,2,3,44.6958292404374
"4296",0.587432667923858,0.746545286539476,0.853056978121167,0.100957629252225,1,2,3,105.621936529715
"4297",0.968781309180195,0.586129828310804,0.289264772597235,0.717173100434011,1,2,3,100.299764623982
"4298",0.660558599369833,0.349912688722834,0.106064126495039,0.696440310146427,1,2,3,66.9002367075054
"4299",0.412313178910408,0.670325387921184,0.799347614917206,0.679475718225585,1,2,3,95.2570295463679
"4300",0.782341265321011,0.935603676040191,0.471045617500786,0.612026314166142,1,2,3,161.60462163269
"4301",0.261565903822193,0.148901700279675,0.167195695037954,0.453076950790128,1,2,3,37.9565004759721
"4302",0.73056635848945,0.425707973774988,0.967012774087489,0.281747093955055,1,2,3,56.3165206620083
"4303",0.512593150458997,0.85016889075283,0.149379042345099,0.655142748731887,1,2,3,164.337424761099
"4304",0.198239929409465,0.38314572363277,0.794086245109793,0.136647766029928,1,2,3,54.4086601012965
"4305",0.40242897521588,0.982210978196235,0.842037138608284,0.237833937625401,1,2,3,149.501924360505
"4306",0.376094635310583,0.906171626471914,0.282209449806251,0.405511387655279,1,2,3,167.545879675235
"4307",0.451410713098012,0.862448472497053,0.663809484511148,0.558482473178301,1,2,3,135.226345326307
"4308",0.939354198264191,0.528332275437424,0.088687406280078,0.573513571335934,1,2,3,98.4985748777284
"4309",0.999890828952193,0.281189648940926,0.869683931499021,0.175352889829082,1,2,3,41.505732310644
"4310",0.222589593466837,0.994390519338194,0.801552804269595,0.663017561699962,1,2,3,154.579504461276
"4311",0.0386365413304884,0.176656212474918,0.578696494030301,0.690132189474534,1,2,3,34.7084128794136
"4312",0.749246129224775,0.220050374836428,0.926270321001066,0.383556134217652,1,2,3,34.6188441209454
"4313",0.0997462897771038,0.0238348833937198,0.356478392948629,0.308235082278261,1,2,3,22.7717371180817
"4314",0.0635221929324325,0.758855172421318,0.97780999402632,0.374674613670213,1,2,3,103.412888661045
"4315",0.78517942229053,0.534616116153775,0.0600912098633125,0.988559085527668,1,2,3,101.213014306847
"4316",0.592771644770401,0.374523195091169,0.128303735038498,0.196132784428773,1,2,3,69.9540273581997
"4317",0.382846178124892,0.735299414362526,0.688898012264399,0.363905887083383,1,2,3,110.209098926722
"4318",0.707254990086658,0.441958290599287,0.211234389352612,0.929611057019793,1,2,3,78.2551370687876
"4319",0.885413292748854,0.228684597986285,0.0684156842750963,0.0808336517703719,1,2,3,50.0430774013967
"4320",0.790927852942841,0.332581683767494,0.444203018918633,0.627557821267983,1,2,3,55.3540978327598
"4321",0.278853098091204,0.0785582459485158,0.805903713125735,0.566271454150556,1,2,3,23.3351572364477
"4322",0.28271519538248,0.198550043015275,0.592214904290158,0.0741522535518743,1,2,3,36.7463890965627
"4323",0.602873456152156,0.413449011257617,0.119611333453795,0.828300123029621,1,2,3,76.7588826715025
"4324",0.871700733174803,0.0862592447304633,0.824664078910137,0.835246392538538,1,2,3,23.8063228740902
"4325",0.446124815265648,0.956712238828186,0.240978637672961,0.377404407471186,1,2,3,182.851633773307
"4326",0.215308837029152,0.649589848510223,0.70688961392967,0.388455005784053,1,2,3,94.9380512491527
"4327",0.107355091467034,0.619223529120209,0.528616344479378,0.581949628669536,1,2,3,96.4024146135408
"4328",0.298577831520233,0.59411507906043,0.200930668441579,0.792187199513428,1,2,3,105.853915796679
"4329",0.852800696747145,0.503777108110953,0.598201460683485,0.17084133493714,1,2,3,75.4496430138322
"4330",0.890442431654083,0.0379941501643043,0.635235597558785,0.430772978973109,1,2,3,21.4843827741218
"4331",0.907002747730585,0.88552942686365,0.532873024167493,0.097394604095025,1,2,3,146.402178585406
"4332",0.655878654207336,0.613236301399302,0.605645777124446,0.523876585112885,1,2,3,92.5590717855636
"4333",0.567560332508292,0.14497551174718,0.452865175351035,0.411921945634531,1,2,3,33.1420306124182
"4334",0.10201775810332,0.306384081831202,0.512212447455386,0.504926389741013,1,2,3,50.5234458414109
"4335",0.247462407058338,0.712008993421914,0.909448221258353,0.707333124377765,1,2,3,98.2883646806369
"4336",0.320041346038925,0.566588103821268,0.415870029417565,0.118039911468513,1,2,3,91.4489055182167
"4337",0.528477088178042,0.399737541386858,0.316430690219859,0.527001383149764,1,2,3,68.1292082214885
"4338",0.186239218527917,0.898707895948319,0.387513303830055,0.949834313774481,1,2,3,159.07558113192
"4339",0.778924082376761,0.558294274487998,0.810096933409804,0.77142942904029,1,2,3,77.7042534241089
"4340",0.952260637361323,0.167369756808039,0.464975038203411,0.27148050792166,1,2,3,35.2931218792286
"4341",0.141105684663635,0.263538095944095,0.783386539511848,0.302363378116861,1,2,3,40.8963660181065
"4342",0.739000670715468,0.802471151159843,0.887428544785362,0.29857170019648,1,2,3,114.018936899279
"4343",0.421471920468612,0.606093559943838,0.190875153921079,0.496063462372404,1,2,3,108.528595009288
"4344",0.941539815816795,0.961919905722607,0.786415100423619,0.871101677599363,1,2,3,148.945647166875
"4345",0.212117746253498,0.677207395276055,0.340839081107406,0.0362733301741537,1,2,3,114.633180455298
"4346",0.164536497290246,0.065204955622321,0.871479062865255,0.396743629084667,1,2,3,21.7605207931599
"4347",0.618810292015551,0.949983657393604,0.320647272827337,0.942903425750556,1,2,3,175.705366954578
"4348",0.922494471381651,0.244442802055273,0.632568002301268,0.816547885145992,1,2,3,41.1408260561564
"4349",0.304253340888536,0.433081406702986,0.000153602177742869,0.245746626264881,1,2,3,84.6471582696516
"4350",0.622550050502177,0.541335651976988,0.449055991182104,0.885342397292843,1,2,3,86.3022488199124
"4351",0.056097026693169,0.552620288726175,0.381418414822547,0.212569272833643,1,2,3,90.4204583404371
"4352",0.814379504986573,0.337760549500817,0.298667156782467,0.740509881135076,1,2,3,59.5901088464504
"4353",0.310193414235255,0.577058389866725,0.726519251556601,0.0850375684828032,1,2,3,82.6829585844288
"4354",0.19465005470207,0.248457460218342,0.671424382315017,0.74650271729799,1,2,3,40.9773205062732
"4355",0.573697521431604,0.793777905701427,0.921695806602947,0.111898982862476,1,2,3,111.058933212487
"4356",0.632259813509881,0.274054555988405,0.734250213062624,0.277796253176639,1,2,3,42.7764014095132
"4357",0.428639098329004,0.311837691470282,0.378789237884339,0.220991117298836,1,2,3,54.0213842740463
"4358",0.2510898007371,0.47876319846604,0.623995244901162,0.84002350228373,1,2,3,71.2173837955973
"4359",0.359427313797642,0.00368789246072993,0.656528373797191,0.0922087456763256,1,2,3,18.6773241609361
"4360",0.0205067761125974,0.942939811290707,0.476525640854379,0.77706561151077,1,2,3,163.038604051783
"4361",0.719204381970922,0.971493455639575,0.0285201037942898,0.647210148744052,1,2,3,206.239690874996
"4362",0.0309658570028842,0.266725101891207,0.916023795049405,0.419043395934859,1,2,3,39.3779660745938
"4363",0.0717039038205985,0.213124427831499,0.697495916974731,0.15951643477194,1,2,3,36.8100098901037
"4364",0.5167401543085,0.0546117231016979,0.223824693573406,0.400386463366449,1,2,3,27.0424690469358
"4365",0.58485481321346,0.788013161607087,0.265427763530752,0.390000700855162,1,2,3,141.875148260233
"4366",0.674751087893965,0.883447746884776,0.519753822770435,0.31875069009955,1,2,3,147.025063933641
"4367",0.289572746568592,0.470258455198491,0.0955584354605526,0.878700176901184,1,2,3,87.5505641618822
"4368",0.636387352501042,0.205116564721102,0.667501841427293,0.996898320214823,1,2,3,36.4437587077071
"4369",0.327734318709699,0.0729355639975984,0.429152451691916,0.809606443135999,1,2,3,26.4331694185931
"4370",0.48590552064823,0.734555827748263,0.550749361772323,0.153609339729883,1,2,3,115.812241034784
"4371",0.750288629083661,0.689647633869899,0.303508121432969,0.063023881042609,1,2,3,118.945387605877
"4372",0.797785280883545,0.436799414163688,0.775772494581761,0.63779612755985,1,2,3,61.6840493981434
"4373",0.993494394680019,0.520164761496708,0.177431262786267,0.937252454459667,1,2,3,93.1340534316257
"4374",0.858015653400216,0.680724868767429,0.65060567292152,0.977925154676195,1,2,3,102.447239874187
"4375",0.757827732466394,0.404661305453628,0.603209805678343,0.0225027862354182,1,2,3,61.2033207706697
"4376",0.472881132969633,0.783037294852547,0.184515312082367,0.217974195549032,1,2,3,145.73970533684
"4377",0.817919958074344,0.902345920468215,0.328360899195541,0.914910483397543,1,2,3,163.8945702592
"4378",0.496672409370076,0.505273179647047,0.122234645595308,0.956678497630637,1,2,3,92.7928875136818
"4379",0.40822457222268,0.819066884644562,0.950540772596141,0.478525923719862,1,2,3,114.557851018802
"4380",0.627011025182437,0.695247683137422,0.496907590052579,0.822157963690115,1,2,3,111.330865426352
"4381",0.272940209145891,0.0990741774754133,0.278291658114176,0.32224344686023,1,2,3,30.784401289095
"4382",0.490327916049864,0.668234847834101,0.486661228631856,0.686037472327007,1,2,3,106.770745760991
"4383",0.506435714570107,0.580932612533215,0.985717553031864,0.681925741130253,1,2,3,76.285480163913
"4384",0.0132468410418369,0.352204709312646,0.456310165973846,0.493625536242034,1,2,3,57.6798244533492
"4385",0.319499270680826,0.132981949149398,0.46751952113118,0.720079861165723,1,2,3,31.748456054032
"4386",0.350345356762409,0.849042962414678,0.397208631680114,0.056955743310973,1,2,3,146.571244224547
"4387",0.363213220875477,0.752130365867633,0.503254558009794,0.75314720395254,1,2,3,121.759126285071
"4388",0.268787472865079,0.328861944035161,0.235324901049025,0.621445315228775,1,2,3,59.9659541055161
"4389",0.228254901426844,0.277448086349759,0.364348952097353,0.332961941871326,1,2,3,49.8796860050308
"4390",0.807695651822723,0.463029687617673,0.216550030389335,0.857529452993767,1,2,3,81.5690463344619
"4391",0.686884118227754,0.455851442527492,0.254571655204054,0.845040337325772,1,2,3,79.0125383616349
"4392",0.0422836303256918,0.548763786418131,0.260120695707155,0.162845571932849,1,2,3,94.5102182796086
"4393",0.743546658004634,0.827337656788295,0.435067984253401,0.0280998332821764,1,2,3,139.734745830395
"4394",0.481212912392803,0.0198558984522242,0.750633126732428,0.188665075480239,1,2,3,19.2166803805574
"4395",0.00460109368199483,0.633318667194108,0.490352884626482,0.541857375556137,1,2,3,100.319811412821
"4396",0.149916230045492,0.485861355253728,0.556007957152324,0.351655507273972,1,2,3,74.0518843493481
"4397",0.98910992893856,0.15959518178599,0.961291933625471,0.20309709861991,1,2,3,28.7109397365098
"4398",0.00934842245304026,0.701879311884986,0.421688825669698,0.465973384138197,1,2,3,115.849353536734
"4399",0.235837246713927,0.694216184695251,0.372216572527541,0.615240487429546,1,2,3,116.839891216233
"4400",0.171758769075386,0.629348868407542,0.971233906408306,0.443985314136371,1,2,3,83.5683262987901
"4401",0.364625339058693,0.613291012629634,0.884295264284592,0.596099363581743,2,2,3,98.1333027372296
"4402",0.502538477994967,0.377366663494613,0.796121054941323,0.171547528703231,2,2,3,62.9245093971465
"4403",0.857336921165697,0.181497145782923,0.195618389382726,0.271213401114801,2,2,3,48.4156716659609
"4404",0.674206053091912,0.99619198107277,0.848233470256673,0.888429722570581,2,2,3,178.916380474596
"4405",0.800718300750013,0.22432512541418,0.539814031140413,0.418926385011291,2,2,3,47.3010502798643
"4406",0.227181010383647,0.560240152704064,0.357587975624483,0.364578323302558,2,2,3,108.705839189908
"4407",0.476081563840853,0.289001172337448,0.637602360014571,0.338746598425787,2,2,3,54.0096976289691
"4408",0.295169808875071,0.672489950606832,0.506142927288311,0.145613382993033,2,2,3,124.74922823365
"4409",0.401499392539263,0.683706230748212,0.921504981166217,0.981801976264687,2,2,3,109.583282061023
"4410",0.0526762209169101,0.164564117765985,0.7603901606414,0.777527027296601,2,2,3,36.6800452221784
"4411",0.716957525652833,0.628459909261437,0.0224824561644346,0.673368465444073,2,2,3,143.443151971745
"4412",0.0721460623946041,0.404909587964648,0.331960831693141,0.405638447018573,2,2,3,80.2250338874763
"4413",0.96153276420082,0.100488155513303,0.345977164070355,0.69242988586193,2,2,3,35.2371926849253
"4414",0.165143608360086,0.886155305346474,0.248706722412026,0.389091947650304,2,2,3,193.730142801587
"4415",0.880249166947324,0.709613645249046,0.439219303441932,0.200886258146493,2,2,3,136.351553771309
"4416",0.592377075341064,0.640371289056493,0.117256634979276,0.635749981759582,2,2,3,139.936296567021
"4417",0.181078846353339,0.50379680044367,0.0874795676348731,0.594670564173721,2,2,3,110.143841912564
"4418",0.343023785807891,0.214186472772853,0.778957128215116,0.318864487499231,2,2,3,42.0359671662059
"4419",0.982544895588653,0.132399977742461,0.382380529794609,0.679741837333422,2,2,3,38.4769143672403
"4420",0.950119678555056,0.658879090864211,0.360105982868699,0.549395997854881,2,2,3,129.676553845064
"4421",0.125929086952237,0.505023614381207,0.714680313200224,0.972186988913454,2,2,3,85.1131927645557
"4422",0.424213016551221,0.00684176110080443,0.733859454111662,0.988223353042267,2,2,3,21.5633913770824
"4423",0.691850458884146,0.0880450686695985,0.204801199554931,0.994486372586107,2,2,3,35.9648757520178
"4424",0.628922163592652,0.675747620456386,0.165944863426266,0.943440534794936,2,2,3,145.545971532728
"4425",0.0782899373502005,0.0495126891986001,0.314157673364971,0.743891388704069,2,2,3,29.925022276612
"4426",0.608943544122158,0.0777463419642299,0.0258094734267797,0.137767288823379,2,2,3,37.7316260026634
"4427",0.0854429663030896,0.750637061279267,0.17442073173821,0.214085756061832,2,2,3,163.18664659696
"4428",0.367421334590763,0.115650127797853,0.56283776554279,0.279251436839113,2,2,3,33.8882482304986
"4429",0.772036566445604,0.866858327924274,0.0939342414285056,0.0105969731928781,2,2,3,201.309950287183
"4430",0.89350269454997,0.409094635017682,0.727086496537086,0.650813878939953,2,2,3,69.3347630751954
"4431",0.0139648281829432,0.387030799266649,0.757798325921176,0.42297306416207,2,2,3,65.25405831868
"4432",0.417814992173808,0.356722817203263,0.320107649470447,0.109498070941772,2,2,3,72.2315516208203
"4433",0.949749968333635,0.82999262624071,0.864120328244753,0.289559982647188,2,2,3,140.445120903792
"4434",0.0280812161962967,0.724163234350272,0.816795791944023,0.441734421579167,2,2,3,121.245631046227
"4435",0.97781397906132,0.663832671429263,0.571938605881296,0.881361441405024,2,2,3,120.232350648642
"4436",0.839356919033453,0.781854988315608,0.678056192982476,0.79875513658626,2,2,3,139.894677374975
"4437",0.439531402533175,0.410718746692874,0.412488583711674,0.751442868375452,2,2,3,78.6316738542256
"4438",0.186810095736291,0.464353119942825,0.547775061641587,0.710133836857276,2,2,3,83.4544363632546
"4439",0.993784538848558,0.831049367144005,0.316585826616501,0.38453615601873,2,2,3,173.626285724173
"4440",0.0197803092480171,0.93392893266282,0.592512065637857,0.133171845609322,2,2,3,179.575450116706
"4441",0.351321460494073,0.56604703966761,0.465140196755528,0.629627124342369,2,2,3,105.245134716888
"4442",0.911960461597191,0.741635003460105,0.513587576636346,0.0430730249814223,2,2,3,139.193520472696
"4443",0.0351158293220215,0.908587610925315,0.403364462947939,0.600375875937752,2,2,3,187.543653515748
"4444",0.732695931909839,0.199549537100829,0.821915612841258,0.368644428817788,2,2,3,39.7271376268833
"4445",0.571374758636812,0.975674436051631,0.55269741037162,0.0750557279912755,2,2,3,192.809719913888
"4446",0.647412622404518,0.994418650090229,0.260917464169906,0.959381397614488,2,2,3,224.416241982321
"4447",0.140446594603127,0.557096648677252,0.259233599720756,0.786688632974401,2,2,3,112.92500262058
"4448",0.433110796500696,0.767752724407474,0.0185770772851538,0.100514811058529,2,2,3,180.172410945015
"4449",0.505432051627431,0.186801854657242,0.144406507083913,0.066443612575531,2,2,3,50.3073249185388
"4450",0.852985171222826,0.739342774392571,0.540095418847632,0.540622530516703,2,2,3,137.730715784451
"4451",0.37123956576339,0.524852635003626,0.741186333397636,0.902690053036204,2,2,3,87.6255672150545
"4452",0.280814497465035,0.109317425341578,0.748397282996448,0.244976783656748,2,2,3,30.9587370268584
"4453",0.464869779226137,0.771762694268255,0.842916464653099,0.737381879021414,2,2,3,129.757068973682
"4454",0.190189849939197,0.980266705756076,0.0980780920619145,0.648139560045674,2,2,3,236.651543676429
"4455",0.223835711224237,0.63493825902231,0.804997118237661,0.794863371591782,2,2,3,104.894680736728
"4456",0.739538964121602,0.815870987233939,0.464601658504689,0.0488815653556958,2,2,3,159.181555009111
"4457",0.908210331585724,0.796783169797854,0.0665408251085319,0.607470517305192,2,2,3,184.885876691491
"4458",0.915313100125641,0.302759232330136,0.673107012460241,0.269360384967877,2,2,3,55.1522029513319
"4459",0.27589846848161,0.862459123817971,0.68909595412435,0.95111100295675,2,2,3,157.34422157698
"4460",0.685222074106568,0.845870170397684,0.49519771972904,0.578718253083061,2,2,3,165.111269920415
"4461",0.727048079203814,0.594336452992866,0.68389241786208,0.0701429639139678,2,2,3,101.612941827484
"4462",0.956091992695583,0.175297698255163,0.0142827253113501,0.0376300227665342,2,2,3,51.7652378921641
"4463",0.4896246905718,0.263204253026051,0.901200516930548,0.514433225265238,2,2,3,45.986806408533
"4464",0.620039121420123,0.837438403067645,0.930331402557204,0.925173692450626,2,2,3,139.250400847494
"4465",0.0682400951033924,0.275353725563036,0.827205953850644,0.498584824083373,2,2,3,48.6947561217826
"4466",0.173913387263892,0.306785671558464,0.487893920745701,0.257755965651013,2,2,3,59.8302479959639
"4467",0.663339983094484,0.15571827394655,0.135090416171588,0.372806258786004,2,2,3,46.111303085764
"4468",0.466820031129755,0.842895587789826,0.876953033693135,0.840197843121132,2,2,3,142.923595646674
"4469",0.387999623161741,0.0831879627238959,0.569066765091848,0.504392835575854,2,2,3,30.3526053243487
"4470",0.588236877321033,0.336838658481138,0.926681861267425,0.456358540978981,2,2,3,54.7698726780954
"4471",0.630234669899801,0.0901962721673772,0.285297984172357,0.429332997325109,2,2,3,34.9319611452417
"4472",0.55683176122955,0.573495376781793,0.589315738853766,0.377945352001116,2,2,3,101.526408094367
"4473",0.00522843612357974,0.473570218884852,0.296303264473099,0.90631070556934,2,2,3,94.3607971191299
"4474",0.904927717574174,0.0441109293350019,0.388034371014219,0.0983230510877911,2,2,3,28.4103862848012
"4475",0.696969871931942,0.554975684651872,0.146154218254378,0.689273304167436,2,2,3,118.322608797429
"4476",0.300105872793356,0.194322186043719,0.988981751374667,0.700332765621133,2,2,3,36.9729174130461
"4477",0.783177673955215,0.423297774759121,0.176563737734687,0.539979620689992,2,2,3,89.4680502615908
"4478",0.196934127773857,0.965191395285074,0.649560759667074,0.253090038525406,2,2,3,183.626510038323
"4479",0.97077173699392,0.11038818680332,0.557380820947001,0.117196890659397,2,2,3,33.3730897975013
"4480",0.844868708283175,0.468857658910565,0.518128157816827,0.154678062445018,2,2,3,85.0460735072139
"4481",0.114107409218559,0.726728395930259,0.793826969017973,0.860580248130718,2,2,3,122.946990484963
"4482",0.20330779732787,0.0335852051433176,0.697416904210113,0.574955343421316,2,2,3,24.2113092278405
"4483",0.517250179155962,0.695910013896646,0.184965876528295,0.129207593613537,2,2,3,148.549938891479
"4484",0.996711954942439,0.427767879873281,0.619791586251231,0.665898162821541,2,2,3,75.1467805749047
"4485",0.536745793703012,0.0197374602756463,0.620368811865337,0.895848120275186,2,2,3,23.652804407884
"4486",0.133599695288576,0.0727893159619998,0.390579439383,0.815777062337147,2,2,3,31.473871682848
"4487",0.742822591264267,0.793852741169976,0.658529121828033,0.869222877364373,2,2,3,143.582823042454
"4488",0.724598610030953,0.0505921888316516,0.373566949322121,0.00704390515573323,2,2,3,29.2605666564376
"4489",0.148563612996368,0.762564870611532,0.613126773133408,0.306747084776871,2,2,3,138.749176059147
"4490",0.827975292454939,0.953032352406299,0.63424091980909,0.569572385463398,2,2,3,182.105829951656
"4491",0.235143478370737,0.510820859941887,0.891928177097579,0.767305919928476,2,2,3,80.804132666979
"4492",0.240832119949628,0.820479822485941,0.704712438822025,0.215045677969465,2,2,3,146.453351795867
"4493",0.969026823961176,0.393432689650217,0.454117970397929,0.224213159821229,2,2,3,74.2915500051692
"4494",0.407822932451963,0.882708589591784,0.47327975737513,0.185947142388904,2,2,3,175.177500524549
"4495",0.250701494232053,0.347279409738258,0.735592949201819,0.847271722340956,2,2,3,60.0923340540207
"4496",0.751405362481019,0.477241442777449,0.305213050190359,0.484903017532779,2,2,3,94.586930010041
"4497",0.445344466844108,0.268172706394689,0.292802865088452,0.488851684036199,2,2,3,58.8958699544849
"4498",0.00139006427489221,0.903870548926061,0.342319469292415,0.304014102632645,2,2,3,190.672412940512
"4499",0.677369188161101,0.364626505408669,0.59910687148571,0.121225808919407,2,2,3,65.7135652677075
"4500",0.943078298993641,0.434456186498282,0.369878372484818,0.0182743016269524,2,2,3,84.0026477228755
"4501",0.81163657216588,0.319961371498648,0.0592664826498367,0.764507854882395,2,2,3,74.6902512332717
"4502",0.458556269826367,0.170887359278277,0.265059394965647,0.347175184476655,2,2,3,45.499495880188
"4503",0.291629917195532,0.283951920949621,0.628124436035287,0.32589764627628,2,2,3,53.5129699735625
"4504",0.760366135931108,0.200936514451168,0.968745087584248,0.697264408110641,2,2,3,37.9353152922683
"4505",0.560446143280715,0.37033304944518,0.0487989799806383,0.825124643187737,2,2,3,84.5450521818079
"4506",0.256492272422183,0.687746400481556,0.212362209815765,0.0878766217408702,2,2,3,144.703166868798
"4507",0.805087160643889,0.459230119991116,0.491176689108834,0.466536871145945,2,2,3,84.3805353534398
"4508",0.824962546764873,0.775804443967063,0.130069799709599,0.297021836952772,2,2,3,173.353870461242
"4509",0.212511279366445,0.454771666215966,0.854852073726943,0.917183654820547,2,2,3,73.0796627526936
"4510",0.490366756771691,0.606947732170811,0.336415442249272,0.812003221907653,2,2,3,119.704351588436
"4511",0.337601773461793,0.59934289945988,0.76899872775306,0.0269320167903788,2,2,3,99.3820596440401
"4512",0.121654120041057,0.668449619979365,0.44535639896174,0.858713616034947,2,2,3,127.403458020168
"4513",0.323481007007649,0.142729650571709,0.916684334897436,0.976303536631167,2,2,3,32.4842044096044
"4514",0.897631425410509,0.488306318996474,0.0821443955623545,0.505792659088038,2,2,3,107.027141227652
"4515",0.7782895654405,0.812704149689525,0.95870536667062,0.801042151476722,2,2,3,132.84701705571
"4516",0.684418562292121,0.0277386070706416,0.948795245580841,0.581933752006153,2,2,3,21.668378021124
"4517",0.599398842882365,0.922783008810366,0.277873574608238,0.611720067774877,2,2,3,201.729614802304
"4518",0.440997893483145,0.646188041432761,0.724080047711032,0.00306536907912232,2,2,3,109.693408150146
"4519",0.765754759546835,0.918813016769709,0.978402534928173,0.264688373703975,2,2,3,153.529694208647
"4520",0.793143961272435,0.617691910855938,0.942110075255623,0.634647891902132,2,2,3,96.986332592246
"4521",0.319665701364866,0.435360386319226,0.206631582048722,0.517422382673249,2,2,3,90.5570216734434
"4522",0.927404672156554,0.89960287873284,0.88995308549609,0.0509306344343349,2,2,3,153.667441302488
"4523",0.567422720433678,0.97225603396073,0.582953684534878,0.525021690223366,2,2,3,190.514751506172
"4524",0.325610575419851,0.342816819883883,0.300100233425619,0.664801193351159,2,2,3,70.6511200777289
"4525",0.426003270694055,0.73332427815767,0.0526998008345254,0.658228335863678,2,2,3,168.567335909712
"4526",0.550379113528179,0.537471323072678,0.154358335305005,0.96910533182323,2,2,3,114.118774362026
"4527",0.875908601512201,0.715533378898399,0.00349269401282072,0.72110986556625,2,2,3,167.821208379747
"4528",0.269849278659094,0.85179176307749,0.483881752146408,0.342878838441102,2,2,3,167.043870005852
"4529",0.232409293334931,0.365953677587677,0.283434324205155,0.564014143476961,2,2,3,75.088834039408
"4530",0.153778173114406,0.691426400924101,0.873078653466655,0.473886638450203,2,2,3,112.676826945923
"4531",0.600690204676939,0.310126623259857,0.784376401854679,0.350855279751122,2,2,3,53.9414967361977
"4532",0.10637454548385,0.806202962861862,0.9117147081648,0.454175326765981,2,2,3,133.447662624379
"4533",0.0550542328157462,0.787252731939079,0.476192940981127,0.533931395505788,2,2,3,152.278219833834
"4534",0.0234163223823998,0.138071281389566,0.219143161721295,0.491512856414774,2,2,3,42.0302491121299
"4535",0.498895376756554,0.87820453693741,0.221100429897197,0.725552575375186,2,2,3,194.339365676461
"4536",0.398009107060498,0.128769629016751,0.15568781065871,0.933313141822582,2,2,3,42.0399814341842
"4537",0.249460445195436,0.541242636252428,0.603881967177149,0.331600872308482,2,2,3,95.0055875755657
"4538",0.524928317918675,0.549316841416294,0.64295647900668,0.19644361361512,2,2,3,94.9952606166063
"4539",0.411473991547246,0.517539307597326,0.502026694292435,0.314592905220343,2,2,3,94.4184175405006
"4540",0.745093415606534,0.959289595386945,0.660826784735546,0.438594295362709,2,2,3,181.685409834858
"4541",0.481063085641945,0.23719037724426,0.0063377922878135,0.832923124216031,2,2,3,62.015468441286
"4542",0.543050636973931,0.038945777247427,0.579342734643724,0.476162450957345,2,2,3,25.8256476518652
"4543",0.816555357216857,0.804784147749888,0.52248574936646,0.588435003983322,2,2,3,153.61792107056
"4544",0.286540505149169,0.588216461281991,0.42288532925304,0.0307280348194763,2,2,3,111.175433901083
"4545",0.382096904737409,0.270636141698342,0.427978090865072,0.239071818420198,2,2,3,55.9486786988812
"4546",0.533744125458179,0.756697998970049,0.0743223980034236,0.175203868013341,2,2,3,172.533485767085
"4547",0.157051509277662,0.248962162737735,0.459458846262423,0.142085272485856,2,2,3,52.1688460591525
"4548",0.33480618640664,0.290603618929163,0.378829191696132,0.064556505382061,2,2,3,60.0439539023696
"4549",0.100426125060767,0.9121147386136,0.0795396422815975,0.623214464894263,2,2,3,217.477469882859
"4550",0.708054209428374,0.0631918671436142,0.837185953109292,0.39089046776644,2,2,3,25.6366944193581
"4551",0.924554860469652,0.635235860339599,0.23919152794173,0.836592340427451,2,2,3,131.297206672167
"4552",0.359827033040347,0.701696389862336,0.90957944718888,0.877016031855019,2,2,3,113.349135428948
"4553",0.702910302868113,0.123200686986092,0.865208795535145,0.550994854932651,2,2,3,31.0786116105003
"4554",0.164689071564935,0.225358128505759,0.187431652160594,0.281538688149303,2,2,3,55.0279166716769
"4555",0.714428700708086,0.333936251205159,0.253453588858247,0.964997903383337,2,2,3,70.6436408493292
"4556",0.270209029397229,0.383989179184427,0.229598542405292,0.448362191447522,2,2,3,80.0850420352858
"4557",0.514786026282236,0.323275897951098,0.807142264746362,0.110138549701078,2,2,3,55.2092138092207
"4558",0.868676708218409,0.938597688991576,0.103670196225867,0.162079081194242,2,2,3,222.062613165032
"4559",0.116235543097137,0.0978222356631886,0.0311682177637704,0.395688545521116,2,2,3,40.3069613650265
"4560",0.135602635714458,0.06816296688281,0.719503214900615,0.0812937431095634,2,2,3,27.2041451203749
"4561",0.0484958889952395,0.602191079118056,0.99858838813263,0.89401409817161,2,2,3,92.6258001599041
"4562",0.390197840655455,0.0222474381851498,0.0367860199685674,0.82329908723128,2,2,3,30.7105370291759
"4563",0.759693848325405,0.943521354439436,0.952270631639985,0.403928044325439,2,2,3,160.417225838223
"4564",0.830751425141934,0.928686899713939,0.773083953124005,0.709218513489468,2,2,3,167.513102597454
"4565",0.797220668040682,0.256576667637564,0.831026925978949,0.0224493674130645,2,2,3,46.2535694945954
"4566",0.612134490822209,0.870744964405894,0.98256029678043,0.229056664644741,2,2,3,143.170683860888
"4567",0.872910458931001,0.153051460147835,0.992200893871486,0.719558876692317,2,2,3,32.681773233086
"4568",0.0901954863371793,0.396968815743458,0.123947337832069,0.999905992796412,2,2,3,86.6456535666872
"4569",0.937465424496913,0.25078317902633,0.161642944907071,0.234922212946694,2,2,3,59.627322659148
"4570",0.847779609195422,0.0137456499994732,0.0410297280328814,0.208000356131233,2,2,3,29.6365496550697
"4571",0.377456590299262,0.446153634545626,0.974820175861241,0.643110362640582,2,2,3,68.850131528735
"4572",0.4527082829969,0.218122476919089,0.274103947909316,0.321315330096986,2,2,3,51.8977359425112
"4573",0.20632752182195,0.209356175097637,0.70878049386316,0.358701901524328,2,2,3,42.5454047217258
"4574",0.310539993947605,0.148072219075402,0.398858754864195,0.873925654833438,2,2,3,40.1353638946098
"4575",0.176362513055792,0.326972137953853,0.0643088658107445,0.615225893276511,2,2,3,75.7556322220348
"4576",0.861114716567099,0.41779525328544,0.855840344956378,0.781532907733927,2,2,3,67.5080845437133
"4577",0.788350394619629,0.234433754935162,0.897527795311762,0.412140641310252,2,2,3,42.6404182034364
"4578",0.547165381937521,0.653650823693024,0.327468158751726,0.684948611649452,2,2,3,130.381986901324
"4579",0.0329266488435678,0.746586577114649,0.434218860598048,0.759333038177574,2,2,3,145.484219929893
"4580",0.665310374932596,0.948365289091598,0.407972340540728,0.24890569060226,2,2,3,197.224126570188
"4581",0.644677235479467,0.963367367153987,0.127158461451763,0.74924861616455,2,2,3,228.385310614729
"4582",0.651779389287112,0.24427513228613,0.19204265331733,0.558238319520606,2,2,3,57.8422868533373
"4583",0.0802880823193118,0.49767920924467,0.354279092424549,0.290793421170674,2,2,3,96.4385560658071
"4584",0.0993712377210613,0.62376378859859,0.607918248305796,0.192272256260039,2,2,3,110.284636822487
"4585",0.529534703970421,0.985625858160201,0.230313564246753,0.059020808483474,2,2,3,223.035854525349
"4586",0.931441437783651,0.0049506890703924,0.813503193522338,0.94623956202995,2,2,3,20.7973168496817
"4587",0.656737132383278,0.166217760107247,0.417601869410137,0.914462348283269,2,2,3,42.0831009384808
"4588",0.638357901461422,0.491769392666174,0.66884718839312,0.18070404955186,2,2,3,84.1019374254902
"4589",0.474287794707343,0.481136664823862,0.938362940988736,0.15501471017953,2,2,3,74.8058070795295
"4590",0.219278527005808,0.583547256746097,0.78845661465195,0.522887967758579,2,2,3,96.1409102881758
"4591",0.583814451236976,0.714251605623867,0.24327858052915,0.852106512447353,2,2,3,149.802472498724
"4592",0.306988955360139,0.532419025175041,0.110127441195073,0.805000946517102,2,2,3,115.31558762875
"4593",0.886352237613173,0.0584888892585877,0.750322950689588,0.922929873602698,2,2,3,26.0181774027558
"4594",0.264359843500424,0.893183807728346,0.532360765633639,0.770567362434231,2,2,3,174.414574170025
"4595",0.579896259924862,0.296752678954508,0.691458201941568,0.462853056936292,2,2,3,53.9903660921622
"4596",0.346105770647991,0.35282091003377,0.962306114276871,0.0936514074739534,2,2,3,56.1326056494406
"4597",0.0625837617332581,0.525498224133626,0.526899187723175,0.939744103883859,2,2,3,95.1466455542976
"4598",0.619727392434143,0.859393674962921,0.653140784304123,0.731268989380915,2,2,3,158.60461691517
"4599",0.043563274089247,0.576007857694058,0.442895723907277,0.43201802970143,2,2,3,108.093201971815
"4600",0.986404537541093,0.442742389230989,0.108863607980311,0.169647120176814,2,2,3,96.0694302836979
"4601",0.740015418712283,0.178911535532679,0.2303881368984,0.00421006817021407,3,2,3,54.2161268513089
"4602",0.096846660906449,0.316081991944229,0.959464678831864,0.151605091458187,3,2,3,59.0503585727102
"4603",0.919817553021712,0.541147726419149,0.110539686330594,0.553255783661734,3,2,3,134.355558369091
"4604",0.956969371987507,0.0552940242004115,0.462257129785139,0.567759985646699,3,2,3,32.9403568187916
"4605",0.376326084664324,0.660482496562181,0.741827730148798,0.595790710235015,3,2,3,128.557993648329
"4606",0.633963183616288,0.3669786592538,0.145599623026792,0.176467274710303,3,2,3,91.7208806583099
"4607",0.0465996530174743,0.0762021399091464,0.421359506298322,0.414070246170741,3,2,3,36.0533358017505
"4608",0.738012126852991,0.13383368242532,0.224109090474667,0.905395602911012,3,2,3,47.4950448139251
"4609",0.860517076418037,0.785524304099381,0.395969844954088,0.929072436019778,3,2,3,180.31310037365
"4610",0.0241368765267544,0.627312846174464,0.368677733386867,0.442288399188546,3,2,3,140.235944700756
"4611",0.349911933051189,0.10253038726747,0.77008178769378,0.679765963047976,3,2,3,34.4745706780528
"4612",0.558877668750938,0.864996857801452,0.620402187351137,0.723972835799213,3,2,3,185.683261472253
"4613",0.247800892455271,0.158334930252749,0.638759091425454,0.638922865521163,3,2,3,43.1827169385621
"4614",0.264713904552627,0.412620625578566,0.00868890523910523,0.49730709340889,3,2,3,108.591037455401
"4615",0.645027298514033,0.416156936222687,0.333432832575636,0.782472092612879,3,2,3,94.3555444517319
"4616",0.0686518803122453,0.913414619672112,0.167368718887446,0.212306260695914,3,2,3,239.049751817908
"4617",0.970481857018312,0.776092876375187,0.205814732118743,0.370390700539574,3,2,3,192.297202002377
"4618",0.969022079892456,0.817402255610796,0.906813877915265,0.344436194074806,3,2,3,155.848058815338
"4619",0.129624613629421,0.980087325091008,0.864705501717981,0.0848301045130938,3,2,3,198.612238738142
"4620",0.240090492814779,0.117796488542808,0.976190477010096,0.587639888919657,3,2,3,33.7319915862622
"4621",0.677409893568838,0.330265492711915,0.237496280459454,0.491114880151581,3,2,3,80.8108608762423
"4622",0.655646574775456,0.533669911621837,0.609274787517497,0.453785376290325,3,2,3,107.24104072971
"4623",0.950054581082659,0.729483062311774,0.11966871454264,0.7869775517995,3,2,3,186.267137795322
"4624",0.821850372739136,0.0150123455421999,0.665391552523943,0.852536940873833,3,2,3,26.1905617126026
"4625",0.543244887042092,0.023418956133537,0.802004823527532,0.335042213248089,3,2,3,25.7231578376356
"4626",0.514643886334961,0.824890179135837,0.948680276424857,0.354013257445768,3,2,3,155.40061890079
"4627",0.924248054358177,0.755557539548026,0.714253578464268,0.0235808383801486,3,2,3,151.265104975296
"4628",0.670878417722415,0.422836577548878,0.41844805899309,0.257602754164254,3,2,3,92.229601887529
"4629",0.524272798460443,0.995519804107025,0.314682392809773,0.0115032068348955,3,2,3,249.736408394998
"4630",0.626360282133101,0.574256715805968,0.225477000537794,0.0522983139695134,3,2,3,135.23905656356
"4631",0.621466431872686,0.105038725433405,0.129858276890591,0.206516091073863,3,2,3,45.1489312306753
"4632",0.177649711285485,0.0292036040686071,0.326655126147671,0.594987451358465,3,2,3,31.6642871362728
"4633",0.802938012228115,0.694527180213481,0.408801889270544,0.501978345356183,3,2,3,154.75904528071
"4634",0.465918271165574,0.782499573094537,0.254900437075412,0.292110369463917,3,2,3,189.917031353769
"4635",0.0876067810447421,0.719971622722223,0.0749654118146282,0.129253631378524,3,2,3,186.507167277011
"4636",0.239262628491269,0.205919996614102,0.187146665191976,0.10673640815774,3,2,3,59.7710417433081
"4637",0.527604109882377,0.876715074530803,0.872607435528189,0.118342019425472,3,2,3,171.748518147872
"4638",0.402038359278813,0.948875281981891,0.929122052342864,0.193641855296446,3,2,3,186.50196140692
"4639",0.870022711749189,0.124784889962757,0.296918003291357,0.982668795270147,3,2,3,44.6949974825572
"4640",0.590541888363659,0.656383429642301,0.968509843861684,0.930592415413121,3,2,3,118.086598874492
"4641",0.985910402275622,0.358174180276692,0.0306297877116594,0.0422962128533982,3,2,3,94.8639508927931
"4642",0.0845064372022171,0.597373213401297,0.519162357734749,0.746785405320115,3,2,3,125.200255323983
"4643",0.616931377201108,0.475034475454595,0.51211348994053,0.422833836642094,3,2,3,99.1432473821045
"4644",0.437712391363457,0.52396636471618,0.644654252128676,0.31820967766922,3,2,3,103.793043509187
"4645",0.807480228336062,0.962703112286981,0.612636938487412,0.36843315226608,3,2,3,213.067384257502
"4646",0.977256401253399,0.512559455195442,0.137695500010159,0.694962176135741,3,2,3,125.588314626745
"4647",0.279117487389594,0.508742136026267,0.0990859964035917,0.874011510785203,3,2,3,126.997408470783
"4648",0.360908509847941,0.79509452444152,0.842012345048133,0.964256158531643,3,2,3,154.481197233283
"4649",0.891850836804369,0.0353433886740822,0.5736313933786,0.674619325953536,3,2,3,29.2997784675272
"4650",0.551240634617861,0.869063424196793,0.807222305997275,0.163535960718291,3,2,3,173.846043374096
"4651",0.0742477014882024,0.138103563510813,0.846596126990626,0.698475029743277,3,2,3,37.6209029300398
"4652",0.0146382566355169,0.82860685903579,0.775152105105808,0.951728532841662,3,2,3,166.404264074238
"4653",0.722822431257227,0.385704614791321,0.893796136730816,0.651039578587515,3,2,3,71.1729881771322
"4654",0.0754233884322457,0.919030307662906,0.939218474385561,0.514387346239528,3,2,3,178.780222021301
"4655",0.852724975554738,0.767162542841397,0.0250027135550044,0.248742482541129,3,2,3,206.151239757848
"4656",0.940504247882636,0.262155738199363,0.549378034343245,0.752659840947017,3,2,3,59.865098962755
"4657",0.600502312849276,0.748589807621902,0.270142718614079,0.323727369216504,3,2,3,178.962276813488
"4658",0.501846668020589,0.339642836194253,0.499420116660185,0.709587509098928,3,2,3,74.0515627794976
"4659",0.589531142447377,0.243985458714887,0.345440255553694,0.327525840608869,3,2,3,61.9434728262892
"4660",0.699110368982656,0.486436989735812,0.375439183251001,0.999490242461907,3,2,3,107.442831333565
"4661",0.329305823971517,0.27131562564522,0.103493721685372,0.183160788586829,3,2,3,74.1407824711962
"4662",0.903324030881049,0.164874794981442,0.0146081102197058,0.170425740896026,3,2,3,57.5838123951232
"4663",0.663115094089881,0.00130762349581346,0.0422716869681608,0.855913047062932,3,2,3,32.3766783020733
"4664",0.763505773933139,0.680823015068891,0.276923436420038,0.464531682899687,3,2,3,159.907258810697
"4665",0.999357764660381,0.289623786351876,0.35417829885846,0.576299284339184,3,2,3,69.5283388484614
"4666",0.836964021995664,0.537948775804834,0.769795251034666,0.627289551552385,3,2,3,101.953731452755
"4667",0.227499428268056,0.0527630100247916,0.783691040837439,0.634016832141206,3,2,3,28.8801152832946
"4668",0.037783830271801,0.558765350045869,0.450130790326511,0.166824829726247,3,2,3,119.557966136219
"4669",0.573289435486076,0.0970313643384725,0.785974280806258,0.740381957314676,3,2,3,33.6584215469945
"4670",0.424583656066097,0.609942169114947,0.754877889743075,0.802101550371153,3,2,3,117.191385321095
"4671",0.815360647335183,0.381366217572941,0.0505070364719722,0.643583686236525,3,2,3,99.3119490634367
"4672",0.0168558563408442,0.500570468745427,0.154474550962914,0.937150271891151,3,2,3,121.785408187888
"4673",0.0256099699274637,0.620285896521527,0.105552606553538,0.114101452388568,3,2,3,155.305799709531
"4674",0.914183813087875,0.0463631745951716,0.439479822897119,0.835316795791732,3,2,3,32.1961790697912
"4675",0.867531732269563,0.688968686735025,0.587882509973133,0.92101438536658,3,2,3,143.033841519661
"4676",0.332633362511406,0.34428130612825,0.505298067957629,0.601600593314506,3,2,3,74.6768021903505
"4677",0.533816525764996,0.00612534210202284,0.79718603159301,0.759226470432477,3,2,3,24.103753358836
"4678",0.774191118490417,0.0124219188385177,0.823174640450161,0.402302047142293,3,2,3,24.4723965138028
"4679",0.538255528295413,0.741658263530117,0.653276259223931,0.887926361801801,3,2,3,152.072289099095
"4680",0.84964926794637,0.0617935729469173,0.722599704347085,0.0734807472035754,3,2,3,30.4755984780552
"4681",0.155411407542415,0.933750380013371,0.26794745012885,0.0198641089024022,3,2,3,234.556115967163
"4682",0.417274092949228,0.88815542194061,0.41480555534712,0.0926942665048409,3,2,3,207.127986476861
"4683",0.462655313246651,0.25352417907794,0.200101447557099,0.73954944588244,3,2,3,67.7776546361701
"4684",0.341781155249337,0.19507742563379,0.0397686133813113,0.252325423666043,3,2,3,62.1540432897852
"4685",0.63921891253558,0.402899355681147,0.825054726676317,0.716249859156087,3,2,3,75.75544593825
"4686",0.0509885472757742,0.873857517134165,0.812142394672846,0.137034010122297,3,2,3,174.706432800859
"4687",0.712944734153571,0.182306753271259,0.372442394779064,0.669057884512004,3,2,3,51.5709408571582
"4688",0.858751194743672,0.792975041723112,0.913185170240467,0.100714635070181,3,2,3,149.589050566515
"4689",0.270964416122297,0.0827304032002576,0.763870254002977,0.265953704578569,3,2,3,32.3062468771812
"4690",0.962556359320879,0.568171041054884,0.246050395634957,0.703420499858912,3,2,3,132.977400545295
"4691",0.775100580037106,0.545787673656596,0.678891126001254,0.277933743001195,3,2,3,106.840975282302
"4692",0.90886588228168,0.462409337555291,0.387011973045301,0.573509737753775,3,2,3,101.691443200816
"4693",0.186886197264539,0.174235673475778,0.951945376624353,0.283841212824918,3,2,3,40.4732246147647
"4694",0.938850909842877,0.237313796015223,0.674810409353813,0.623713531284593,3,2,3,53.4056998321129
"4695",0.748617698438466,0.67320987517247,0.988012107252143,0.896355612733169,3,2,3,120.730596472523
"4696",0.00444930036785081,0.712507667582249,0.319962490015896,0.914353758755606,3,2,3,165.75936041873
"4697",0.280788891190896,0.921208566621644,0.292174961367855,0.381767597250873,3,2,3,229.069264443702
"4698",0.606569987472612,0.455887482528342,0.55032202382572,0.239743826116901,3,2,3,93.82171671587
"4699",0.164605000953889,0.737617586028064,0.731149874529801,0.468707561710617,3,2,3,146.564997865774
"4700",0.797328369447496,0.255171379873063,0.444062252655858,0.725612788010621,3,2,3,61.2982055623335
"4701",0.124230013937922,0.642938142875209,0.726066792760976,0.224032042929903,3,2,3,125.222265391067
"4702",0.925349482294405,0.895543885728111,0.599472490900662,0.777751190871932,3,2,3,195.60911449871
"4703",0.992542405204149,0.396072205061791,0.532967078938382,0.544943692866946,3,2,3,83.1520526705619
"4704",0.755730367563665,0.587287707255455,0.52720909960568,0.288065428481204,3,2,3,122.306156311752
"4705",0.204423108324409,0.939021941382671,0.473751149363816,0.660509552848525,3,2,3,218.182505159135
"4706",0.383490221627289,0.44657351247035,0.491871314364253,0.890930614133831,3,2,3,94.344300639594
"4707",0.324373748284997,0.561837776653701,0.484416892450536,0.375318450664636,3,2,3,118.733215026621
"4708",0.367237298846012,0.853172664910089,0.404233543110313,0.580416031476343,3,2,3,198.601567533571
"4709",0.790518876466667,0.112743191377958,0.447135084586916,0.827067493179347,3,2,3,40.3520632041779
"4710",0.567895501591265,0.491343793373089,0.175739953318844,0.417103265557671,3,2,3,118.195614025084
"4711",0.68049870129209,0.675563813990448,0.140081176552922,0.987004154273309,3,2,3,168.92518388966
"4712",0.812451266286662,0.211377052267781,0.625761954466579,0.970106471411418,3,2,3,50.6725666954372
"4713",0.267827559404541,0.140294436218683,0.192631005067378,0.657673615277745,3,2,3,49.1448976589385
"4714",0.705521847831551,0.426654909487115,0.63073285415885,0.949115673500346,3,2,3,85.6862438879406
"4715",0.180439849974355,0.578401855604025,0.174817206399748,0.518784571045544,3,2,3,139.821081744238
"4716",0.149808305064216,0.31153491533245,0.902046504135942,0.0322659545985516,3,2,3,59.5222034547711
"4717",0.474781498534139,0.436860690487083,0.91694643518189,0.436730348540004,3,2,3,78.9260374036095
"4718",0.485483069089241,0.216447944680695,0.282058082981966,0.146593935146229,3,2,3,59.0181869314768
"4719",0.879773417143151,0.187646430775058,0.818808751055039,0.0267334919644054,3,2,3,44.0498767237208
"4720",0.833868042017566,0.346974241606658,0.303566805472365,0.687267507707002,3,2,3,81.720827093472
"4721",0.548633996738354,0.847503879192518,0.163994433692424,0.12020510146278,3,2,3,217.690657452299
"4722",0.843235189383849,0.454222408408532,0.584982273859205,0.842987284458941,3,2,3,92.4210647988527
"4723",0.750252156761708,0.519235285898903,0.502965699924389,0.297859422757756,3,2,3,108.613638527704
"4724",0.825859356585424,0.771833516455954,0.256511624450795,0.198346306990134,3,2,3,186.526858249164
"4725",0.768356623710133,0.7602085937839,0.466208130785963,0.760049541925546,3,2,3,168.324548259423
"4726",0.317920073223067,0.302418514350429,0.887379460072843,0.234215409281896,3,2,3,58.531227944656
"4727",0.694562160386704,0.394180194416549,0.592072740485892,0.261024299048586,3,2,3,80.852047412478
"4728",0.483779251321685,0.0412898121681064,0.972603552644141,0.311496056922479,3,2,3,25.9299271397042
"4729",0.948475719345733,0.223541967188939,0.433185496478109,0.387586541369092,3,2,3,56.5007145449832
"4730",0.336308870926732,0.194381899217842,0.289276525627356,0.399302063687937,3,2,3,55.3144041034829
"4731",0.519492741507711,0.884030386237428,0.895467814232688,0.358862632445525,3,2,3,172.531433664908
"4732",0.89833099598065,0.484745637841988,0.0796723634237424,0.863550543703605,3,2,3,122.179770359168
"4733",0.353431001673453,0.979116078141378,0.08800175897195,0.0699241926660761,3,2,3,270.624854376742
"4734",0.933623243989423,0.0913938101136591,0.543727093702182,0.428305026857415,3,2,3,36.1531720504991
"4735",0.292482526287204,0.965625235910993,0.132137902264949,0.612004646364367,3,2,3,261.913951813502
"4736",0.232908949160483,0.989344129610108,0.83692120293621,0.993906006845646,3,2,3,204.262255266365
"4737",0.391707045278745,0.0718204085528851,0.489879209921928,0.0598291011957917,3,2,3,34.5121969291485
"4738",0.432093069079565,0.147245095677208,0.696843981399434,0.559793020398356,3,2,3,40.8421126429254
"4739",0.0601514918752946,0.619938135507982,0.832888430501334,0.362487419128884,3,2,3,115.851865731567
"4740",0.883021683864063,0.926158878661226,0.122687385110185,0.819578432281269,3,2,3,249.592112238611
"4741",0.219784609777853,0.894917493754765,0.983948464008281,0.062051753095584,3,2,3,169.675259249153
"4742",0.700365275602089,0.698048933314858,0.704181018394884,0.876568735993933,3,2,3,138.988277514077
"4743",0.296636399730342,0.52652630618657,0.687056497958256,0.479445423542056,3,2,3,102.738412226055
"4744",0.643167977024568,0.43194017922855,0.563597926392686,0.86696447525057,3,2,3,88.9089921471126
"4745",0.61260058867163,0.724581151518505,0.213941898088669,0.564096321947873,3,2,3,176.805383839902
"4746",0.731247289871098,0.953537459080108,0.716508547355188,0.616639959322056,3,2,3,202.823654333293
"4747",0.651724779068027,0.372615733476123,0.850811445877189,0.966716203633696,3,2,3,70.1679827837518
"4748",0.727009371306049,0.375649494442623,0.792112655966775,0.273522759943735,3,2,3,72.0255864570106
"4749",0.789192370652454,0.811612938100006,0.428218241636641,0.405546942792134,3,2,3,184.680141455319
"4750",0.456239419149933,0.591910939418012,0.52056906483951,0.901727279830957,3,2,3,123.951501286855
"4751",0.599792560235364,0.708525362402434,0.478277979125269,0.807298066167859,3,2,3,154.176488891091
"4752",0.168607668704353,0.309611491435207,0.459931849223794,0.0077242927334737,3,2,3,69.8217849919837
"4753",0.116111076596426,0.75298660693923,0.690055499505252,0.534205101970583,3,2,3,152.522358288002
"4754",0.388686008135555,0.837045478309738,0.600933619223069,0.308417599319946,3,2,3,179.106587061603
"4755",0.032690855913097,0.633225974978413,0.0913692974823061,0.529762064252282,3,2,3,160.38886114993
"4756",0.57825470714015,0.269588895373745,0.336196486330591,0.52222048859112,3,2,3,66.5558776954586
"4757",0.371418576268479,0.58492142360541,0.649342461265624,0.0374353025795426,3,2,3,116.029583555526
"4758",0.44841083484469,0.150998109180946,0.961379055728903,0.159541922491044,3,2,3,37.6095220582048
"4759",0.0413571363652591,0.444923724542605,0.536435506074922,0.975768629660597,3,2,3,92.3876044975125
"4760",0.132111470160307,0.635563868221361,0.875538931514602,0.187970966520952,3,2,3,117.224831061187
"4761",0.495293053453788,0.293744995447341,0.994153158459812,0.0885507819626946,3,2,3,55.2189135009796
"4762",0.15174945017905,0.297464022849454,0.567884660547133,0.848654518304393,3,2,3,65.0615311811194
"4763",0.194099935303675,0.841378424165305,0.746860504011856,0.794346077260561,3,2,3,171.228505268268
"4764",0.173251379407011,0.732602080375655,0.159900564469863,0.766414333295543,3,2,3,183.731107262059
"4765",0.206061093626777,0.466799296940444,0.180131109639769,0.649412641075905,3,2,3,112.322352792673
"4766",0.355217369784368,0.552247902873205,0.662948710764758,0.449160597441951,3,2,3,108.879101502821
"4767",0.0922350869025104,0.168830062932102,0.244681755822385,0.143896407007705,3,2,3,52.3145274302135
"4768",0.668594814335229,0.278993874104926,0.944717889236053,0.471148435381474,3,2,3,54.134237129906
"4769",0.138288566933479,0.354146730337525,0.61938265774399,0.606841790758772,3,2,3,73.1105665250333
"4770",0.888802124190843,0.470880112840096,0.884502248936333,0.203683003298938,3,2,3,85.6101050570709
"4771",0.214481690219836,0.248405252055964,0.219448348283768,0.731139382349793,3,2,3,66.2810091996592
"4772",0.143202618296491,0.405223935906542,0.865389329199679,0.940926757806446,3,2,3,75.1067622552589
"4773",0.257072544514667,0.646555317677557,0.859114212149289,0.770084586435696,3,2,3,120.462844612164
"4774",0.397362529687816,0.940648535534274,0.705488166022115,0.458411850068951,3,2,3,199.883639223352
"4775",0.28772800079314,0.361722940016771,0.0195966067689005,0.830752960431855,3,2,3,96.4467761649152
"4776",0.31392173032742,0.0675562955578789,0.063706972548971,0.304034326210385,3,2,3,41.0210628307454
"4777",0.505841755858855,0.498824268620228,0.355604303639848,0.390919401932042,3,2,3,110.861526747039
"4778",0.783537188209593,0.614438397941412,0.658326266069198,0.480293712567072,3,2,3,122.266359412854
"4779",0.30475115017849,0.329279463031562,0.394802580449032,0.489833453403553,3,2,3,75.3470123615814
"4780",0.583419696252095,0.808769799316069,0.0466020748892333,0.918160083408002,3,2,3,218.416156954669
"4781",0.688743195873685,0.324291090491461,0.579593060546322,0.434420298048062,3,2,3,69.1259685988778
"4782",0.197198439675849,0.127677032728679,0.263755408077268,0.22577768585179,3,2,3,45.7172474421415
"4783",0.44026340047596,0.704465533202747,0.00381898937863298,0.0791984260547906,3,2,3,188.125859118293
"4784",0.477584718746366,0.600592285317834,0.340324330847943,0.814097039583139,3,2,3,135.521138499717
"4785",0.719037165967748,0.651747440613108,0.199112056278391,0.505974326160504,3,2,3,157.565466470374
"4786",0.407613581243204,0.802329100705683,0.0834886399866082,0.536034916486824,3,2,3,212.055348268891
"4787",0.059379236609675,0.904022568645887,0.756501466319896,0.547213547019055,3,2,3,186.574123492896
"4788",0.113223200357752,0.233116107346723,0.380356773765525,0.131602963767946,3,2,3,59.240829204444
"4789",0.428433771438431,0.281732806460932,0.559629592921119,0.884033529917942,3,2,3,62.7315973607563
"4790",0.102857934945496,0.974329433749663,0.362192201439757,0.216278504113434,3,2,3,238.677214074129
"4791",0.411462182187242,0.666930197571637,0.022110424755374,0.796530297930585,3,2,3,175.978568150978
"4792",0.450002229589736,0.0334031183912884,0.0681389651936479,0.333843532620231,3,2,3,36.1681136900798
"4793",0.220386843874585,0.993469508275157,0.996473198372405,0.0493691199016757,3,2,3,193.326538053096
"4794",0.493633798885858,0.22912586684688,0.924764302805997,0.955407859012485,3,2,3,47.7963734380781
"4795",0.564861356804613,0.905443098138785,0.322463007875485,0.682938265837729,3,2,3,221.662534249645
"4796",0.980367988169892,0.833080717708217,0.934939646673156,0.821000920006772,3,2,3,158.391599708068
"4797",0.108744538188912,0.956645923734177,0.684520714483224,0.24042824068456,3,2,3,205.51230177318
"4798",0.309368174952688,0.0852912440476939,0.0562195299752057,0.349728536903858,3,2,3,43.7796045916932
"4799",0.00714064781670459,0.858563732532784,0.309078352293,0.713388068967033,3,2,3,208.488288654545
"4800",0.25215896441252,0.202883715545759,0.735273753805086,0.0961876497336198,3,2,3,47.4263079417146
"4801",0.678155576110585,0.244233980535064,0.469911719217198,0.0346302757307421,1,3,3,43.7264069079924
"4802",0.471943675588118,0.129961929430719,0.584448118365835,0.752076717659365,1,3,3,30.02482037664
"4803",0.0108579911733978,0.11394402320846,0.863658394132508,0.469442827809835,1,3,3,25.7366012846516
"4804",0.811921829298371,0.421214180496754,0.418293443898438,0.330643068794161,1,3,3,68.3438839068899
"4805",0.0211811829172075,0.651590303630801,0.546894934817683,0.187844276508549,1,3,3,101.028907542333
"4806",0.977209614843596,0.917158655945677,0.851892141090939,0.311952754290542,1,3,3,136.339186213192
"4807",0.422210249693599,0.86145024535479,0.421875383866718,0.833666270157555,1,3,3,148.511896113588
"4808",0.117919086862821,0.275464774193242,0.790129624422407,0.0441806981002446,1,3,3,42.0350507036643
"4809",0.6932816720556,0.201187033045571,0.0657398634101264,0.0145051320956554,1,3,3,46.3892963980522
"4810",0.78779855110799,0.00607789905159734,0.849396120167803,0.0902979050925933,1,3,3,17.5790384586378
"4811",0.999144655260025,0.503675017581554,0.318337561035296,0.909823363969335,1,3,3,84.6811757633852
"4812",0.205502879221458,0.120100666309008,0.958121860371903,0.943367796392413,1,3,3,25.4298495359226
"4813",0.938423869350227,0.943360262317583,0.15118944127229,0.114945737990784,1,3,3,186.196602765714
"4814",0.309194272739114,0.868067828714848,0.455540054428857,0.268341693492839,1,3,3,147.356601141036
"4815",0.569228135619778,0.822741885066498,0.681805381941376,0.632361281240592,1,3,3,126.663388566723
"4816",0.886238613986643,0.341873122290708,0.908433140075067,0.273269858498825,1,3,3,47.5393039356298
"4817",0.838140146284131,0.789939820711734,0.0378888746339362,0.973948987567564,1,3,3,158.438331509248
"4818",0.628865419110516,0.0844362624722999,0.708607675110688,0.445017905748682,1,3,3,24.6584883659242
"4819",0.68408935121377,0.319084434548859,0.507130189005984,0.955432511665858,1,3,3,52.2616061532511
"4820",0.525372357135639,0.186484541534446,0.182631806893041,0.922741309324047,1,3,3,42.1921387709109
"4821",0.322017848591786,0.0918999617185909,0.560484629413113,0.231644961215789,1,3,3,26.7414026238065
"4822",0.948529661353678,0.253674539229833,0.829814840030158,0.238437632216373,1,3,3,39.1848754131123
"4823",0.250943654102739,0.00171273435116746,0.858973687812686,0.396047813411569,1,3,3,17.2262506994048
"4824",0.137908992627636,0.23347806687234,0.603825250082882,0.182886812045472,1,3,3,40.3227098599591
"4825",0.478618221570505,0.758185180670116,0.0482054567860905,0.220523666274967,1,3,3,149.31257442192
"4826",0.831516350265592,0.645833081488963,0.72261966873426,0.309058199333958,1,3,3,93.7030445459229
"4827",0.909022921589203,0.843951322551584,0.743869236843893,0.387006289922865,1,3,3,127.60669815493
"4828",0.579307119002333,0.144338745820569,0.439273791429587,0.0788988822128158,1,3,3,33.2302668319931
"4829",0.0547682448010892,0.893161812023027,0.520207428596914,0.318765596706653,1,3,3,148.93975846479
"4830",0.272687045810744,0.284384406543104,0.411935746063245,0.150933324531652,1,3,3,49.7304544716406
"4831",0.584865957775619,0.170162903275341,0.715575403273106,0.845596713047707,1,3,3,32.3367841902528
"4832",0.369865286553977,0.951471623408143,0.387180390600115,0.965479292601813,1,3,3,171.124986034415
"4833",0.769779542479664,0.408737004554132,0.162582035673549,0.103348207075614,1,3,3,74.2409601717964
"4834",0.314151935994159,0.889415781839052,0.984841660007369,0.155950784761226,1,3,3,125.176293557712
"4835",0.337273076291895,0.933422128431266,0.0709583384660073,0.735561535363086,1,3,3,191.85682582926
"4836",0.734901471534977,0.074710110333981,0.821833642789861,0.727010382841108,1,3,3,22.8979507445018
"4837",0.656466079393867,0.781124120565364,0.256694614127045,0.613037853158312,1,3,3,141.032032078001
"4838",0.98045964565943,0.562764617478242,0.880551956248237,0.170151243609143,1,3,3,76.2531962813481
"4839",0.431567517048679,0.272273774435744,0.209046376385959,0.471964943959611,1,3,3,52.6733225952727
"4840",0.372295241326792,0.853988245505607,0.666124523371691,0.355310506492387,1,3,3,133.202621019731
"4841",0.991865958711132,0.769397541081999,0.0295208840165287,0.708362159035169,1,3,3,153.900347916695
"4842",0.461051864544861,0.351580568598583,0.534776755999774,0.771775620388798,1,3,3,55.8434030948822
"4843",0.401218094517244,0.772680170553504,0.102797103417106,0.298625809040386,1,3,3,148.925165587625
"4844",0.458412178986473,0.91191463677329,0.946400082416367,0.698740871970076,1,3,3,131.362269156681
"4845",0.572754475314869,0.901355001232587,0.246617032443173,0.841650750229601,1,3,3,169.396870533956
"4846",0.376014948769007,0.449369965494843,0.343428750305902,0.97815800950164,1,3,3,75.0113915360447
"4847",0.716526180952787,0.338340788718779,0.994265438426519,0.405797833121615,1,3,3,45.8137170986135
"4848",0.328747669244185,0.51397758996929,0.927048764412757,0.497053561328212,1,3,3,68.4528713754143
"4849",0.798011859557591,0.939083138495917,0.514555552122183,0.626514071894344,1,3,3,159.515526353867
"4850",0.66271880311775,0.412665762186516,0.491467099019792,0.351247473604744,1,3,3,65.1349605741681
"4851",0.772008743146434,0.640721568166045,0.890671469889348,0.855265094409697,1,3,3,87.7022915283103
"4852",0.397215915139532,0.0870790838822722,0.478862188066123,0.594727989600506,1,3,3,27.1875252339693
"4853",0.39194040799397,0.612394930146402,0.0606388482300099,0.815639106142335,1,3,3,116.749769551941
"4854",0.174800259794574,0.107959478887497,0.808246717817383,0.886926917483797,1,3,3,25.7465557854166
"4855",0.0716189832834061,0.0484754056518432,0.930149110067869,0.553457721428713,1,3,3,20.0853090555711
"4856",0.929883034739178,0.714212816555519,0.295141832731897,0.585397442877293,1,3,3,124.692226250752
"4857",0.179341546430951,0.908764488139423,0.375402786616469,0.964079497517087,1,3,3,162.087885275814
"4858",0.892656075216364,0.15774256226141,0.617076277252054,0.290498236629646,1,3,3,32.2946687134835
"4859",0.0357537188974675,0.60023902707384,0.403857638568152,0.947358080890263,1,3,3,98.0684759106443
"4860",0.503363775964826,0.0641801792813931,0.777432339747902,0.821533826900413,1,3,3,22.4218080577667
"4861",0.853345720380312,0.432354366682703,0.762362231401494,0.653481849929085,1,3,3,61.3854576095844
"4862",0.3580275747017,0.145328736957163,0.11404657531064,0.881071249052184,1,3,3,38.5014279294509
"4863",0.0278358880244195,0.729393945937045,0.334311073027784,0.866610736958683,1,3,3,125.838502716165
"4864",0.736714485277189,0.321796980540967,0.874841735439841,0.684390859323321,1,3,3,45.878718650756
"4865",0.0584370152419433,0.791915686470456,0.109618350319797,0.572882160665467,1,3,3,153.23698537667
"4866",0.099799255230464,0.437389890446793,0.139908710542368,0.493864903067006,1,3,3,79.9434644861595
"4867",0.304075259462697,0.669300989626208,0.262032988668652,0.433800586294383,1,3,3,117.295818684034
"4868",0.823801528727636,0.531216518946458,0.612649381855736,0.00205995300086215,1,3,3,79.0429770321049
"4869",0.0480522510223091,0.358752852057805,0.369765461439965,0.45777406328707,1,3,3,60.672326908498
"4870",0.740407459147973,0.978532145367935,0.953187084386591,0.415386987834936,1,3,3,143.347332276766
"4871",0.753623288919916,0.440655403077835,0.445922440310242,0.896802085376112,1,3,3,70.5622557696343
"4872",0.793581798088271,0.828620256207651,0.274243344139541,0.540249420624459,1,3,3,150.341858820653
"4873",0.12145676412154,0.895234295851551,0.537946017588256,0.366930944987107,1,3,3,148.406975697593
"4874",0.973621844177833,0.847813032307895,0.885317048567813,0.91976661316934,1,3,3,122.42435768867
"4875",0.602684554646257,0.426896963214967,0.540348480605753,0.529707906270632,1,3,3,65.9253093981927
"4876",0.22802894114051,0.6156386103353,0.240560616789153,0.661091309731128,1,3,3,107.999927929282
"4877",0.557704387471313,0.80725647349027,0.835894462288124,0.0821389709506184,1,3,3,116.644147034946
"4878",0.881754828919657,0.672485233381158,0.394945365402382,0.403233234133804,1,3,3,111.425802545536
"4879",0.597705079668667,0.477795677153626,0.844477802328765,0.722567543255864,1,3,3,65.5580899886336
"4880",0.562832268512575,0.588491850256687,0.912696554418653,0.741265249660937,1,3,3,79.2692658039843
"4881",0.223383754689712,0.298740791407181,0.944662728896365,0.162050336886896,1,3,3,42.2727646493382
"4882",0.104191485646879,0.374626936903223,0.290270312513458,0.619025819575181,1,3,3,65.1283838962401
"4883",0.215479145301506,0.292528816730482,0.254305885919603,0.693881195252761,1,3,3,54.3805738324031
"4884",0.616827462719521,0.737245182989864,0.554212271601427,0.117265381079633,1,3,3,116.047124346473
"4885",0.0035997523192782,0.474488739094231,0.968656162557891,0.141668478847714,1,3,3,62.2850052614218
"4886",0.258399091440951,0.36143494472024,0.63698379071313,0.0255746344930958,1,3,3,54.8029471232832
"4887",0.436583299229387,0.662452185831498,0.726232884201454,0.837917373619275,1,3,3,96.5081352435845
"4888",0.829737675469369,0.180251740814419,0.0785779466666281,0.795524035445415,1,3,3,43.4915704315422
"4889",0.0813770698255394,0.402716988152824,0.233149507902563,0.477980705114314,1,3,3,71.0895987116013
"4890",0.968480206100503,0.802853899057955,0.753646644726396,0.912963412561221,1,3,3,119.877068213172
"4891",0.521623502215371,0.590776719627902,0.361328190051718,0.786240365123376,1,3,3,98.0749876967714
"4892",0.532131961109117,0.629763869846938,0.283604500802467,0.758022950908635,1,3,3,108.702930115798
"4893",0.8439482084685,0.482990699731745,0.592560120875714,0.258129327718634,1,3,3,72.5378528196487
"4894",0.202521075032419,0.305793569427915,0.303164455278311,0.891725703737466,1,3,3,55.0423729248468
"4895",0.415021960375598,0.487487423763378,0.555983925892506,0.349727684673853,1,3,3,74.2694384887388
"4896",0.918736700331792,0.529638596633449,0.0876721660746261,0.48109080233844,1,3,3,98.7138923922112
"4897",0.508420837630983,0.946255692804698,0.409926177127054,0.0167879896366503,1,3,3,166.971415064273
"4898",0.869619261007756,0.0268307624093723,0.213432162757963,0.16997140293126,1,3,3,24.5089817346181
"4899",0.687321909771999,0.750722301399801,0.277495344178751,0.0523135606013238,1,3,3,132.675166069923
"4900",0.126489719136152,0.190467343198834,0.125237746465718,0.0352387372415978,1,3,3,43.7393907303845
"4901",0.875477369717555,0.658853109244956,0.876257687828038,0.56946810197318,1,3,3,90.8591143323156
"4902",0.517587967856089,0.0661346419132315,0.93772834139294,0.0562561583390925,1,3,3,21.3274600359997
"4903",0.913596783471294,0.389855321813375,0.0104279256507289,0.646126610151259,1,3,3,76.7394002256177
"4904",0.469436556608416,0.993079532764386,0.266989317608532,0.0694096498540603,1,3,3,188.891738351907
"4905",0.169868480067234,0.214244360112352,0.789621144509874,0.930468885467853,1,3,3,35.7512492480675
"4906",0.631827215695521,0.998030235924525,0.660616102302447,0.677267640272621,1,3,3,163.374847186124
"4907",0.448525727937231,0.017696996628074,0.799552031855565,0.655765692570712,1,3,3,18.7326421027635
"4908",0.408787789373891,0.329069301275304,0.599695812064456,0.667370492417831,1,3,3,51.6127214237099
"4909",0.35010820056661,0.302385233844398,0.781784407548839,0.623657362167723,1,3,3,45.1969261656833
"4910",0.269122958538355,0.0432593289460056,0.962298597901827,0.580258688024478,1,3,3,19.492638417393
"4911",0.14793073249748,0.0355187778093386,0.353284224894596,0.0991255146067124,1,3,3,23.8175570196066
"4912",0.897094863320235,0.152188483010978,0.52928581192391,0.487216196036898,1,3,3,32.8638289957152
"4913",0.62040066924179,0.0332693506020587,0.0544442701770458,0.243573396848515,1,3,3,27.0518013253228
"4914",0.808918998169247,0.609742942466401,0.02006301841815,0.14642365907901,1,3,3,118.043487684169
"4915",0.942788882505847,0.679619132413063,0.0337930113228504,0.98913398771896,1,3,3,132.974194031766
"4916",0.727129576336592,0.883039573372807,0.76841255749925,0.441858913311735,1,3,3,133.921725315422
"4917",0.490000661795493,0.83558652170701,0.373592611652566,0.851753053853754,1,3,3,145.866197861016
"4918",0.698633235240122,0.548912882702425,0.920347622144036,0.0745188150007743,1,3,3,73.2471139952072
"4919",0.863304723316105,0.733090860976372,0.235559142263373,0.996855952590704,1,3,3,132.202582591754
"4920",0.154620661915978,0.349367380226031,0.800820716617163,0.713359005746897,1,3,3,50.2907479181476
"4921",0.546544831544161,0.515457492953865,0.815842715208419,0.303694250083063,1,3,3,71.2946195388789
"4922",0.986907709272346,0.858327728977893,0.620346821537241,0.337586835010443,1,3,3,136.344671806139
"4923",0.922097810474224,0.0987685310142115,0.192496590921655,0.206116480641067,1,3,3,31.9403579442077
"4924",0.780233914719429,0.197266606143676,0.431006841019262,0.54781306425808,1,3,3,39.0671193784792
"4925",0.711802462161286,0.550078126159497,0.142299551130272,0.67461879021721,1,3,3,100.128268050731
"4926",0.593343256005319,0.681461936176056,0.746780516364379,0.513490866479697,1,3,3,98.8064999777137
"4927",0.181343804949429,0.288411148645682,0.122565316668479,0.254175097107654,1,3,3,57.0726240169153
"4928",0.586801625307417,0.746297529231524,0.985723039065488,0.82757381316158,1,3,3,101.259075216817
"4929",0.535288711744361,0.103879479721654,0.0569022614741698,0.37377119874116,1,3,3,34.63321889244
"4930",0.849899943894707,0.690936934837373,0.0836306965665426,0.602535325082717,1,3,3,132.070819940073
"4931",0.635213423110545,0.701367084111553,0.0091947677207645,0.765040304954164,1,3,3,139.418454565755
"4932",0.190732226375258,0.239983477396891,0.130523880572291,0.535433886506362,1,3,3,50.1606480743771
"4933",0.855480650195386,0.520954542610562,0.500976313609863,0.196555606798502,1,3,3,81.0235645346734
"4934",0.950984993535094,0.56543907887768,0.632625751722371,0.78305869684671,1,3,3,84.008566151971
"4935",0.612769469104242,0.779281253811205,0.188790153266164,0.936976025149925,1,3,3,145.183431207423
"4936",0.232651953150053,0.177437354575377,0.463881846539443,0.428364121201448,1,3,3,36.3843843832368
"4937",0.642149667385966,0.167702646412654,0.575782325629843,0.0600928982463665,1,3,3,33.7890419639579
"4938",0.957966864345362,0.638442110060714,0.731871380060911,0.191135467897402,1,3,3,92.1321242688078
"4939",0.278315004367614,0.879304537200369,0.117853498562472,0.344348525587702,1,3,3,173.392057555978
"4940",0.901962098856457,0.811544344670838,0.289299656593939,0.871669848657912,1,3,3,145.853145729046
"4941",0.294906329961959,0.138902286037337,0.204061861988157,0.21011412255466,1,3,3,36.1602529166232
"4942",0.249345227415906,0.955312118952861,0.587137596177636,0.322342903863173,1,3,3,158.202894265611
"4943",0.0178884963272139,0.0566841751732863,0.572997356690466,0.00839440798037685,1,3,3,23.5359650001188
"4944",0.0344970224902499,0.744159059815574,0.178240774763981,0.28262011697283,1,3,3,137.515949233512
"4945",0.553105955825886,0.988646847032942,0.489273595721461,0.609117257778998,1,3,3,172.248879908256
"4946",0.211479809363373,0.450961559202988,0.697323385525961,0.760658693079604,1,3,3,65.3981240318743
"4947",0.72277880582842,0.468260627022246,0.658838347708806,0.531301312295254,1,3,3,68.7208120539131
"4948",0.499839465508703,0.571819546434563,0.998609162674984,0.564364316551946,1,3,3,74.6418000090891
"4949",0.483673379311804,0.381450317071285,0.443567962328671,0.519062280120561,1,3,3,61.9966873789013
"4950",0.701841885022586,0.499966343032429,0.685969591020839,0.953167209626408,1,3,3,72.6154091486287
"4951",0.189488685051911,0.455653796022525,0.90364924956928,0.792146645442117,1,3,3,61.3737624749318
"4952",0.963633125695633,0.595140324346721,0.222324304493377,0.73385334876366,1,3,3,104.974777982052
"4953",0.29866526490543,0.76065191822825,0.566244979181793,0.814324730575318,1,3,3,120.380655295671
"4954",0.4545539752685,0.575656539789634,0.326961501057958,0.641774247863796,1,3,3,96.7408109198896
"4955",0.706784699350828,0.079755628677085,0.355263876549434,0.325670741823269,1,3,3,27.8922474439506
"4956",0.514168215296231,0.161995591979939,0.0999350889399648,0.748865089224419,1,3,3,40.7743471676481
"4957",0.261415878285188,0.974040955001256,0.471950678305002,0.391807293057209,1,3,3,169.803640782125
"4958",0.243514517393196,0.687074116155272,0.0184903208701871,0.875612410228932,1,3,3,135.596322048884
"4959",0.090171346165007,0.313927137777209,0.516310728470562,0.131173738354119,1,3,3,51.3141727746239
"4960",0.361903448464582,0.584455974288285,0.0947365522768814,0.806519827877637,1,3,3,109.203265825948
"4961",0.0611111239169259,0.375986800886458,0.480560357826762,0.779993329574354,1,3,3,60.3639853971333
"4962",0.873288372650277,0.723857160948683,0.737155102539109,0.501515041289385,1,3,3,106.330274876643
"4963",0.607343597641448,0.70706557910773,0.382144051427022,0.278456904880004,1,3,3,118.559092236865
"4964",0.815551138140727,0.248587179888273,0.148085984851932,0.176866202082019,1,3,3,50.8567574875002
"4965",0.931043437100016,0.967066126222489,0.645481718897354,0.0225446002627723,1,3,3,156.708442079495
"4966",0.0860918159619905,0.268458508502226,0.450411944537191,0.452040575826541,1,3,3,47.0368331713131
"4967",0.428633546959609,0.718186880559661,0.972673586591845,0.364128654625965,1,3,3,97.0063481720459
"4968",0.674541123607196,0.538483472659718,0.694580014713574,0.902932024603942,1,3,3,78.0318038115047
"4969",0.345399246079614,0.697063726790948,0.0418390620895661,0.57895605997066,1,3,3,136.104244001451
"4970",0.414400351521326,0.052727642172249,0.496596288768342,0.423206761062611,1,3,3,23.9289579504933
"4971",0.10686724032159,0.229035292597255,0.644574618419865,0.107754416223615,1,3,3,39.2171921731484
"4972",0.762024128672201,0.79775345840957,0.702004330195487,0.219619192691753,1,3,3,120.747693748225
"4973",0.282133782762103,0.491460064330604,0.919996150212828,0.802765012875898,1,3,3,65.6720885885591
"4974",0.3314438021346,0.819989729698282,0.345232198650483,0.990906616476132,1,3,3,144.302918266535
"4975",0.748007187241456,0.506839165943675,0.322937835140619,0.262981309883762,1,3,3,84.8377662550324
"4976",0.44154196373187,0.872730382711161,0.169730053121457,0.225924949692562,1,3,3,167.517020678612
"4977",0.778916302759899,0.367694374746643,0.713940375109669,0.136864716148702,1,3,3,54.0582220330578
"4978",0.380965262657264,0.258424105894519,0.674084844514728,0.509196523895953,1,3,3,42.0069905293465
"4979",0.542895057966234,0.632906442644307,0.396744193715276,0.376729798923479,1,3,3,103.999612268214
"4980",0.130205277567729,0.215475228031864,0.759816384855658,0.126485183500918,1,3,3,36.2081841940945
"4981",0.64508699497208,0.831034402055666,0.00119608363136649,0.685283921568189,1,3,3,171.372216955134
"4982",0.669297573254444,0.929873491874896,0.219717901377007,0.047874870786909,1,3,3,177.080724254728
"4983",0.319891551024048,0.0106528819794767,0.770537414728897,0.704772839712678,1,3,3,18.4183095605879
"4984",0.286518475731136,0.983517190483399,0.308027474244591,0.383936250142287,1,3,3,183.975619683087
"4985",0.040397390575381,0.62114573137369,0.811920605158666,0.925176036834018,1,3,3,87.1096699958882
"4986",0.800587535564555,0.262587501036469,0.198731505610049,0.637998823939124,1,3,3,51.6258566248474
"4987",0.0654868976015132,0.922712888116948,0.155612271330319,0.437301053361734,1,3,3,181.290817524069
"4988",0.144481043582782,0.392093924127985,0.625591793728527,0.71615697522182,1,3,3,59.1434029655001
"4989",0.651898654472316,0.0243473576311953,0.895444178540492,0.285606547634816,1,3,3,18.5741498379363
"4990",0.197633336066501,0.222320880574407,0.678298894441687,0.983655549567193,1,3,3,38.0806960560761
"4991",0.344854790084064,0.117112749100197,0.608436710173264,0.557055377892684,1,3,3,28.5438915076779
"4992",0.156266133254394,0.415957272325177,0.225077988795238,0.246457624967443,1,3,3,73.3708865419506
"4993",0.114979476839071,0.395428927752655,0.831553093529073,0.122791676573688,1,3,3,55.1688900666142
"4994",0.387813849623781,0.464646947062574,0.653499547881074,0.860203651448246,1,3,3,68.4072137147203
"4995",0.485182841322385,0.542560772530269,0.975267536139581,0.0897386621288024,1,3,3,71.0499274281974
"4996",0.0784873963252176,0.961987841933733,0.427629906715592,0.414528155290754,1,3,3,170.115790233884
"4997",0.00766235121642239,0.558532673993614,0.170124224583851,0.595938817465212,1,3,3,100.408061190374
"4998",0.75833666463499,0.134181483139982,0.866901844097301,0.522869929394219,1,3,3,27.4284308372984
"4999",0.235240928195417,0.332986850688467,0.337099364442984,0.204472525025485,1,3,3,57.8461492088359
"5000",0.161621157262707,0.209210641355021,0.311361149025615,0.461082290791674,1,3,3,42.4899186346551
"5001",0.481404598616064,0.640861881789751,0.0184138022689149,0.611551130836597,2,3,3,146.763934535773
"5002",0.332166798035614,0.0475324739969801,0.768707355700899,0.697756611310178,2,3,3,24.8368179673897
"5003",0.827595104312059,0.74199374656775,0.154038925169734,0.766442541524302,2,3,3,162.961083225585
"5004",0.128262464955915,0.0948223938595038,0.205858705410501,0.505709088831209,2,3,3,36.7542121351036
"5005",0.420438865700271,0.480011786909308,0.292756212601671,0.299735140738776,2,3,3,95.5223016425811
"5006",0.222599334046245,0.375987729129847,0.132569353685249,0.192906117972452,2,3,3,82.0935893128351
"5007",0.975769751541084,0.828957483487902,0.473383367364295,0.213982943103183,2,3,3,161.904584619565
"5008",0.815667767869309,0.548848382142605,0.0257416828302667,0.942909859621432,2,3,3,123.92543460545
"5009",0.200331301178085,0.115431783582317,0.410669209298212,0.895141317906091,2,3,3,36.0217905890668
"5010",0.428728638135362,0.353157461233204,0.493347567262826,0.362599495262839,2,3,3,66.7307140479527
"5011",0.22521142812795,0.733476440358208,0.786968549848534,0.289581944292877,2,3,3,124.220861165792
"5012",0.27311701016617,0.527047603526153,0.124505695345579,0.493806627411395,2,3,3,113.181774108814
"5013",0.199030855023302,0.359686967672315,0.588611289834371,0.755229257278843,2,3,3,65.334837209481
"5014",0.944227812549798,0.289884987815749,0.719666956944857,0.643021456608549,2,3,3,52.5275291814415
"5015",0.441849021048984,0.252773467628285,0.525580898643238,0.499141654456034,2,3,3,51.3625333651821
"5016",0.406234209234826,0.278655084777856,0.365456670416752,0.416656497307122,2,3,3,58.633349596029
"5017",0.324901831629686,0.573857888791244,0.685198625735939,0.466171105327085,2,3,3,97.9915950698432
"5018",0.0980991686042398,0.80327350208303,0.869065510520013,0.828967273284215,2,3,3,134.977585228638
"5019",0.812299795526778,0.595062406638172,0.425652483821614,0.408243879247457,2,3,3,112.656352247569
"5020",0.513030354949878,0.538744053564733,0.823847064130241,0.0241161956242286,2,3,3,87.0580079330524
"5021",0.905638680781703,0.936857311880449,0.752667717327131,0.0796938470739406,2,3,3,169.717723391138
"5022",0.439125657837139,0.957608615098288,0.0867258467350621,0.165398709861329,2,3,3,229.457491709401
"5023",0.459365813290933,0.442719164630398,0.659856447268976,0.302220343382796,2,3,3,76.3059676535031
"5024",0.102562285246095,0.502791315932991,0.0799349832127336,0.821954630250111,2,3,3,110.368182324557
"5025",0.284105036428664,0.24047969465144,0.725387728604255,0.0433525624428876,2,3,3,46.0171232333388
"5026",0.352168192827376,0.79670545155881,0.501782830466982,0.347362059513107,2,3,3,152.668025495485
"5027",0.140999806711916,0.171016544385348,0.357097846631659,0.00609403028152883,2,3,3,43.69550247835
"5028",0.953898299209541,0.755398821238196,0.310104802588467,0.850327531681396,2,3,3,155.378399122021
"5029",0.447914744669106,0.842550511121517,0.709491068952484,0.879199098071549,2,3,3,151.563794038569
"5030",0.0692846229893621,0.77869339144323,0.617192885760451,0.848155543619068,2,3,3,142.387866705737
"5031",0.92875029426883,0.62788668222609,0.83065173850744,0.390685317390598,2,3,3,102.481100327574
"5032",0.208974919989705,0.951504280011868,0.080664531524526,0.893805043241009,2,3,3,229.744664994113
"5033",0.148446789733134,0.805711701592663,0.431183163656387,0.900194748494541,2,3,3,159.710047016785
"5034",0.799356597440783,0.623952409559861,0.323506331614917,0.370080626737326,2,3,3,123.771358877163
"5035",0.573656380506,0.0513560851605143,0.289474197818199,0.142057929647854,2,3,3,30.4209092243049
"5036",0.279516746470472,0.714453738469165,0.813810971841449,0.705855831414228,2,3,3,119.555839585335
"5037",0.608282496889587,0.838788348385133,0.325860161139863,0.591888661290286,2,3,3,175.07288780347
"5038",0.0228407623188104,0.65199429424596,0.112890201249393,0.42285061869421,2,3,3,142.834350470346
"5039",0.832202920865966,0.326170255396282,0.550896250769729,0.689756381651387,2,3,3,61.2385410991005
"5040",0.340465716859326,0.301617573179537,0.524569557760842,0.262800186872482,2,3,3,58.2019468668365
"5041",0.866498132456327,0.70745496033458,0.391510813944042,0.57271047100774,2,3,3,138.799661463806
"5042",0.548148269825615,0.143062436045147,0.43940145660541,0.257697049373528,2,3,3,38.8214775752588
"5043",0.0582150491396897,0.463254568087868,0.259008952840231,0.535699357701233,2,3,3,93.7682414770959
"5044",0.7228250510199,0.508861364093609,0.546161465916084,0.326673196383053,2,3,3,91.1983382232952
"5045",0.750480880513787,0.0133160124986898,0.1048772461107,0.923245384662878,2,3,3,28.7124332026023
"5046",0.358335685167694,0.791783808803884,0.0636459350457881,0.162403183438582,2,3,3,182.91969716755
"5047",0.626924554023426,0.082600631857058,0.922079522599233,0.712474865706172,2,3,3,26.641695652846
"5048",0.861837425576523,0.407112878442276,0.10627580634784,0.150527821074938,2,3,3,89.0577200359254
"5049",0.383367626995314,0.069047257846687,0.397983533383813,0.51440753611736,2,3,3,30.9558172054719
"5050",0.43313537212438,0.29738417252549,0.679848013997544,0.136386190679623,2,3,3,54.2465652280395
"5051",0.453275218878407,0.769401018284261,0.680385314932792,0.950806947082747,2,3,3,137.108815032912
"5052",0.8531778988929,0.880285447860369,0.897790061383275,0.575633012198377,2,3,3,149.60066240199
"5053",0.886943076850148,0.380989757019561,0.261851108146366,0.979238412276609,2,3,3,78.5017306889957
"5054",0.707248600998428,0.657769110592781,0.887138064261526,0.73378223923035,2,3,3,105.991015842117
"5055",0.956826102775522,0.8926962422207,0.817206392477965,0.38752450017957,2,3,3,156.403235549487
"5056",0.746174387611682,0.789835835634731,0.0409724087931681,0.473095197628718,2,3,3,184.905903507729
"5057",0.410450268940767,0.281471709926846,0.488247290219879,0.860965321793919,2,3,3,56.2044192656518
"5058",0.215593670248054,0.338792739425553,0.0537639651447535,0.842478387663141,2,3,3,78.348692961552
"5059",0.189412457159488,0.633720733898226,0.948269460261799,0.42952092069434,2,3,3,99.4526266357382
"5060",0.242379748779349,0.58373476434499,0.935671402621083,0.231738651549676,2,3,3,91.2349165287075
"5061",0.257331333196489,0.993555648715701,0.173187311509391,0.801396747734398,2,3,3,232.724595490551
"5062",0.0734670540504158,0.448948908299208,0.662799262844492,0.811799030280672,2,3,3,77.3452727692766
"5063",0.118963173656957,0.396453744806349,0.459913837086642,0.937096986767137,2,3,3,74.7467580455964
"5064",0.920452066564467,0.311314626430394,0.23458549889503,0.450799851121847,2,3,3,67.3477646898867
"5065",0.781259595154552,0.613877648254856,0.533902009606827,0.998082373982761,2,3,3,111.832844711457
"5066",0.668077195853693,0.390138829824282,0.838150372856762,0.778841278061736,2,3,3,63.8960477420627
"5067",0.254759335271083,0.159398269886151,0.302480711468961,0.0698264498461504,2,3,3,43.2077347332603
"5068",0.29664328970015,0.751081283001695,0.482317798156291,0.785772285811836,2,3,3,143.662142352154
"5069",0.893713742119726,0.81699726190418,0.479964859961765,0.928512194948271,2,3,3,159.310470709999
"5070",0.107855235619936,0.585011964198202,0.855705421323655,0.223699065505061,2,3,3,93.9856611831642
"5071",0.315335113842739,0.671630022118334,0.927840597197646,0.337870346998097,2,3,3,106.852758133926
"5072",0.0193207760935184,0.166019618712598,0.77341838262626,0.674788685765816,2,3,3,36.6591939045162
"5073",0.651394988385728,0.910186224535573,0.168914989642799,0.134331119139679,2,3,3,206.931677979989
"5074",0.615107424360467,0.995954851664137,0.55679170831223,0.799252172783017,2,3,3,198.827884741636
"5075",0.687528655353235,0.771326630739495,0.732375127174892,0.955255262270803,2,3,3,134.926454020829
"5076",0.403688845240977,0.608547263398068,0.217216644779546,0.65946879359195,2,3,3,126.333324808765
"5077",0.945588783617131,0.150234018432675,0.370028821041342,0.181199583010748,2,3,3,40.8396005035238
"5078",0.59661993373069,0.669288718674798,0.155026723857736,0.28478527509491,2,3,3,144.127430876088
"5079",0.883776223938912,0.977040575133869,0.72281746581546,0.411673108877148,2,3,3,181.73216466148
"5080",0.632454770811601,0.761471492018318,0.543082881021546,0.764242545719026,2,3,3,142.565475913904
"5081",0.182821635309374,0.64877577319392,0.606894441273762,0.242674996287096,2,3,3,115.230266740863
"5082",0.61469823509804,0.739707363075577,0.212125922107371,0.694053451907821,2,3,3,158.086861083544
"5083",0.843907359193545,0.294190099856351,0.144539724682691,0.557311414178694,2,3,3,67.2642007414276
"5084",0.376388679005904,0.833881301142974,0.30509746851516,0.678958870237693,2,3,3,175.444293592464
"5085",0.419380168410717,0.218312511930708,0.584082265881589,0.396867414567387,2,3,3,45.7169485790699
"5086",0.98865223511355,0.438268400807865,0.0381077199766878,0.649489188705338,2,3,3,98.6168803967762
"5087",0.675407039310085,0.0881710220838431,0.362799870010931,0.482989834579639,2,3,3,33.5563735479684
"5088",0.336292976536788,0.971593425372848,0.578281023816671,0.619125166727463,2,3,3,190.680085014266
"5089",0.0497448581608478,0.361654844941804,0.126733537061373,0.118472692951327,2,3,3,79.6323508557808
"5090",0.529215259252815,0.899491512823151,0.961852349960245,0.715998845605645,2,3,3,150.566037842553
"5091",0.0521198480518069,0.901492305882275,0.250265209502541,0.126658475096337,2,3,3,197.14409017913
"5092",0.304024597618263,0.415773232269567,0.424277914800914,0.746424494292587,2,3,3,79.0974913460689
"5093",0.362058089702623,0.20229723811266,0.69322115547373,0.973422890454531,2,3,3,41.9769983947377
"5094",0.763469048215775,0.695256201504962,0.668644448691048,0.206815605965676,2,3,3,121.766096039253
"5095",0.38906987934839,0.679390976981958,0.957555166862439,0.552366627523443,2,3,3,107.288903154259
"5096",0.586779065429,0.307212795078522,0.989143075968605,0.108024048545631,2,3,3,49.8547787143298
"5097",0.674062443828443,0.660851709392155,0.9695165457041,0.0933596189529635,2,3,3,103.297503903929
"5098",0.516238646631828,0.966381819430972,0.569719097765628,0.859097958593629,2,3,3,190.233816159419
"5099",0.846140969325788,0.540269946388435,0.70469169052667,0.532626424484188,2,3,3,91.3585823772203
"5100",0.533742042980157,0.00686173957306892,0.243787274758797,0.605646168859675,2,3,3,26.2584439210819
"5101",0.778419741006801,0.783239132578019,0.226834921679692,0.306696002447279,2,3,3,167.726390269726
"5102",0.524320948449895,0.579549260153435,0.41836582908174,0.25420356585877,2,3,3,109.745858523929
"5103",0.010982998565305,0.272474494448397,0.11975776196341,0.807469608896645,2,3,3,64.4269362914942
"5104",0.648759429745842,0.235000993463909,0.610826205926714,0.358489456318784,2,3,3,47.3658547762954
"5105",0.464439845166635,0.104456649590284,0.572624036608031,0.62191199908033,2,3,3,32.5581746794502
"5106",0.603522860060912,0.424321279281285,0.284436296743806,0.915052226383705,2,3,3,85.5163014042041
"5107",0.348613805883797,0.560971608260879,0.699337910612812,0.866674891839502,2,3,3,95.2940116363475
"5108",0.54059757511015,0.60277022067341,0.978772246617591,0.983749991121003,2,3,3,93.3310200691293
"5109",0.991069944687188,0.980350519170752,0.182761969580315,0.744186087080743,2,3,3,227.603172857311
"5110",0.472143074495252,0.14998144916608,0.849226536951028,0.400219117861707,2,3,3,33.9788807073991
"5111",0.698603324595606,0.850895916470326,0.197305823155912,0.889458939637989,2,3,3,188.844368988057
"5112",0.735932278450346,0.0439350281748921,0.954765340001322,0.529467747008894,2,3,3,22.9674997138364
"5113",0.509039272594964,0.694960274129408,0.246754735639552,0.487838484845124,2,3,3,144.575312462853
"5114",0.0927167767600622,0.486813148020301,0.0745280802133493,0.873607404774521,2,3,3,107.193225737614
"5115",0.499732369286939,0.221925027063116,0.970704176072031,0.102412994854385,2,3,3,40.1574220760143
"5116",0.551697839264525,0.847666104474338,0.401302789523033,0.462322297124192,2,3,3,171.718465122414
"5117",0.486376362001756,0.0363732852449175,0.633217499476159,0.965938364071771,2,3,3,25.06574102322
"5118",0.130087753924308,0.316176257963525,0.999005966256373,0.312121726595797,2,3,3,50.8280155281972
"5119",0.790921272290871,0.190526778685162,0.332418980729999,0.661685754420469,2,3,3,46.8262705478214
"5120",0.261671805802034,0.198520111776888,0.591613159619737,0.246708798552863,2,3,3,43.1002448666467
"5121",0.479610554649262,0.343046664644498,0.0957335847674403,0.148550307659898,2,3,3,77.3847053526367
"5122",0.584974767233944,0.924612114354968,0.465954325093189,0.650320280930027,2,3,3,186.915647012898
"5123",0.718148567912867,0.569881563449744,0.670496077359421,0.987799239008455,2,3,3,97.963594639513
"5124",0.233409721135395,0.231057989405235,0.00650298266089521,0.58756793083041,2,3,3,60.9450050822099
"5125",0.910829724067589,0.635238466988085,0.980951356004225,0.0345677602721844,2,3,3,98.4105487087243
"5126",0.0279194427072071,0.704215612608241,0.906246503203874,0.961454079806572,2,3,3,113.941383253718
"5127",0.742755807667272,0.412874320220435,0.876814929571701,0.907917727751192,2,3,3,66.3055912065329
"5128",0.138808561286423,0.127671668124385,0.317552798577817,0.0351196776365396,2,3,3,38.9066422460342
"5129",0.635423381404253,0.133810554567026,0.194275185443694,0.738759237074992,2,3,3,41.9507204537215
"5130",0.158012850962114,0.948116685869172,0.444516082077753,0.456011281119427,2,3,3,194.462572939287
"5131",0.175440216874704,0.370925503047183,0.88300606422592,0.632030614961404,2,3,3,60.2111699382437
"5132",0.897111192685552,0.728384244586341,0.943404740189435,0.818960503611015,2,3,3,116.994885522956
"5133",0.0860460639954545,0.106234600527678,0.649353315400658,0.447733424857724,2,3,3,31.7959624126354
"5134",0.803103508253116,0.245698599179741,0.604425525069237,0.3214061690378,2,3,3,48.8645667713603
"5135",0.161267865226837,0.556929823274259,0.643618841798743,0.931731715471251,2,3,3,96.5714650166903
"5136",0.374090224328684,0.259907277388265,0.75642193032545,0.237969059246825,2,3,3,47.9394493526057
"5137",0.328029343326343,0.321107976294588,0.380143974501407,0.278881820704555,2,3,3,64.7418439349961
"5138",0.933085057015996,0.00166446610004641,0.177922558105784,0.580922814093065,2,3,3,26.4994836700289
"5139",0.984084455131087,0.940306673325831,0.710753540567821,0.175621646241052,2,3,3,173.304450418644
"5140",0.212842530463822,0.685212930846028,0.407748238978675,0.0114790583692957,2,3,3,132.348645354448
"5141",0.311102487791795,0.716855438781204,0.621354984467616,0.669294291983824,2,3,3,128.749970108629
"5142",0.657067661928013,0.723362548227888,0.512103109487798,0.601900417137658,2,3,3,135.689531470375
"5143",0.683782450243598,0.469982706625015,0.598458408393199,0.202857317457674,2,3,3,82.6142921129722
"5144",0.661698044103105,0.92877766006859,0.223270251081558,0.366508732587099,2,3,3,207.774634119507
"5145",0.623518671878846,0.866040201417636,0.990163116645999,0.54783173710457,2,3,3,142.049428535308
"5146",0.644446662454866,0.470261009859387,0.625693590644514,0.00286245986586437,2,3,3,81.716578687553
"5147",0.287636479602661,0.746496249113698,0.803109571199166,0.784756522496464,2,3,3,126.416565704982
"5148",0.24962652790593,0.963583772075362,0.507679411091376,0.378362222245196,2,3,3,193.522162545338
"5149",0.732414861362195,0.0217983788473066,0.539939140365459,0.51703741602134,2,3,3,24.5848368826723
"5150",0.0320447961101308,0.269973831642419,0.0454298814956564,0.267017473817105,2,3,3,66.232670089284
"5151",0.900672506595729,0.0337192032928579,0.913950240726117,0.521879923152737,2,3,3,22.4232703120523
"5152",0.365654945084825,0.874123812956968,0.844866083052475,0.990286677174736,2,3,3,151.28959987459
"5153",0.559387542209588,0.986808087236714,0.779771222949494,0.055195657662116,2,3,3,179.738947713113
"5154",0.0611533728346694,0.349728712603683,0.0341741830203682,0.566894550079014,2,3,3,81.1067729853269
"5155",0.500962681599194,0.551796307133045,0.45103229062981,0.0622217022010591,2,3,3,102.713578432793
"5156",0.393227548662107,0.226237850397592,0.149803211741382,0.0736081565672066,2,3,3,56.0675651532975
"5157",0.0778994329576381,0.909118592753075,0.0118205314781517,0.227563891300233,2,3,3,222.727837890321
"5158",0.56996110459906,0.431890632500872,0.85486305679311,0.29118111441494,2,3,3,69.5038836315914
"5159",0.305651090227766,0.511230868907878,0.87438440248603,0.913817234586459,2,3,3,81.367335331855
"5160",0.807544949704316,0.425030681162607,0.651182526405901,0.340631854620296,2,3,3,73.7347480793085
"5161",0.269537186005618,0.0780124268983491,0.809449789614882,0.12049499170389,2,3,3,27.2526109815531
"5162",0.0843892714660615,0.389495129735442,0.0671531158243306,0.635798522118712,2,3,3,87.4417324060827
"5163",0.919931006693514,0.45078906261595,0.903895299226278,0.834317463842453,2,3,3,71.2280141663054
"5164",0.755068347859196,0.821309882347705,0.161046248957282,0.701611076095142,2,3,3,183.560420913302
"5165",0.192357526320266,0.262281823180383,0.915450406209566,0.772814188372577,2,3,3,45.6639966109747
"5166",0.491877034843201,0.531621217676438,0.299485591921257,0.723852180108661,2,3,3,105.65064868409
"5167",0.713420790762175,0.498912800077815,0.352421624148265,0.725042399219237,2,3,3,96.8790505792642
"5168",0.239731262582354,0.859367218012921,0.933878570517991,0.754729597879341,2,3,3,143.492817111599
"5169",0.578194254091941,0.137174616081174,0.744429650030797,0.476536347700749,2,3,3,33.9039829702445
"5170",0.871257677865215,0.934644794960041,0.794572376129217,0.436667866060743,2,3,3,167.245333489934
"5171",0.469422509252327,0.162914492721902,0.238319561749231,0.198482442359673,2,3,3,44.9320464021966
"5172",0.00307702472782694,0.110099330433877,0.74777855690103,0.884987098873826,2,3,3,31.0657965602582
"5173",0.838246667064959,0.209439395429799,0.000832416048506275,0.316636310119648,2,3,3,57.5293165564552
"5174",0.726077324503567,0.59282352214097,0.0570801152347121,0.025616231537424,2,3,3,131.717709481673
"5175",0.966216741516255,0.213763595828786,0.893254424658371,0.155373583820183,2,3,3,40.310615304578
"5176",0.937828119032783,0.810985104325227,0.516948115845444,0.430186201102333,2,3,3,155.173418104427
"5177",0.563650866732933,0.877191565847024,0.278263060891768,0.270896325687645,2,3,3,188.471357728428
"5178",0.768578265017131,0.682789360285969,0.189419850688428,0.627321772364667,2,3,3,145.456378248047
"5179",0.961279102569679,0.098729662160622,0.46373405324528,0.186337742874166,2,3,3,33.3308379146243
"5180",0.858749167388305,0.186951815036591,0.495983082522871,0.353998644164531,2,3,3,43.2915536009726
"5181",0.995473251439398,0.368275190814165,0.560319758983096,0.11249555872404,2,3,3,67.2407985690271
"5182",0.152527048273478,0.0563828656263649,0.20470540127717,0.541475278480211,2,3,3,32.1858086195798
"5183",0.398573962555965,0.518602690077387,0.349138107714243,0.838881514671957,2,3,3,100.887550422533
"5184",0.594043453246122,0.455993844167097,0.0227092929556966,0.500544894017512,2,3,3,103.069549217851
"5185",0.538505738379899,0.0614882475475315,0.386150859191548,0.0537150934478268,2,3,3,30.2656448761861
"5186",0.823218800551258,0.916128882366465,0.268431575087598,0.0489380320312921,2,3,3,199.418814428551
"5187",0.0412954889226239,0.403646142524667,0.827791902122553,0.444539195615798,2,3,3,66.0297982394605
"5188",0.77360479567782,0.477968103194144,0.739291234123521,0.333112589399097,2,3,3,79.7277102750456
"5189",0.974305544454837,0.522489305877825,0.445746171002975,0.0970321859361138,2,3,3,97.349806713586
"5190",0.123365320343291,0.49350533309509,0.270219900313532,0.682864269493148,2,3,3,99.2744684642323
"5191",0.691548323117895,0.0158232459006831,0.798251269191969,0.946466110956389,2,3,3,21.8183275341683
"5192",0.0397033656667918,0.17655417196569,0.784711334966123,0.561894914245931,2,3,3,37.6664569570982
"5193",0.00886020241188817,0.181703850664198,0.0943498107837513,0.0185117964912206,2,3,3,50.7234561755053
"5194",0.786864827271784,0.0733545573079027,0.139785040173447,0.597259503597161,2,3,3,35.2117627117522
"5195",0.114238019791665,0.6161117807962,0.637976749426452,0.216486762608401,2,3,3,107.536328665959
"5196",0.174187207440846,0.886491417237557,0.342396553107537,0.0890393039362971,2,3,3,185.456264818935
"5197",0.877116702850908,0.333046241700649,0.37871516440413,0.792477738537127,2,3,3,66.7603892454346
"5198",0.29271399087389,0.123756260756636,0.337150889809709,0.380520264887018,2,3,3,38.1347741374968
"5199",0.168024277932709,0.863763576977653,0.863051618750906,0.0824281193478964,2,3,3,147.287824879491
"5200",0.701549574218225,0.0286339414678514,0.761982196980389,0.172115826997906,2,3,3,23.1972504924037
"5201",0.837841050155694,0.154074999255827,0.547216250741622,0.937619567959337,3,3,3,44.1651433227294
"5202",0.575491021338385,0.883344557987293,0.063878228769172,0.0327894532203209,3,3,3,239.628693635778
"5203",0.0721444750297815,0.346793046654202,0.562065818702104,0.362037300061202,3,3,3,73.3986671651783
"5204",0.491439583029132,0.97637106937007,0.147859391246457,0.438719577338779,3,3,3,263.19342199991
"5205",0.0206606893253047,0.0747179454355501,0.672234381926246,0.449075819326099,3,3,3,32.5056553037561
"5206",0.722546313934727,0.365475192294689,0.611029405475128,0.777843982668128,3,3,3,75.3055780985291
"5207",0.527951962305233,0.0765376889274921,0.455435708705336,0.717388208035845,3,3,3,35.6044651293606
"5208",0.93176212662016,0.910989978346042,0.800467756354483,0.487344661481911,3,3,3,185.310148192833
"5209",0.968488319424214,0.261835824951995,0.865721237113466,0.552605275502428,3,3,3,53.2048124638724
"5210",0.907931758612394,0.191064031202113,0.90317754953634,0.305923134962795,3,3,3,43.2205027615851
"5211",0.347414398533292,0.38769372113049,0.698726395450067,0.5078955291491,3,3,3,76.5942042527752
"5212",0.0382024567341432,0.185062421857147,0.25746980040567,0.490064293637406,3,3,3,54.6008722543638
"5213",0.274787722772453,0.799233199175214,0.413665935756871,0.185292378276354,3,3,3,181.886561248896
"5214",0.401243190009845,0.841335016852245,0.453820774978958,0.575753248380497,3,3,3,191.156550225526
"5215",0.0266656341881026,0.674393492725212,0.334740649762098,0.11980125842616,3,3,3,153.849634904436
"5216",0.0895567129075062,0.22594481117907,0.7451701473305,0.722498044284293,3,3,3,50.4523565059816
"5217",0.479468151446199,0.299676196676446,0.240860935224919,0.676957672709832,3,3,3,74.8945094248357
"5218",0.0821423740149476,0.471993036823114,0.448219956660178,0.104770010943757,3,3,3,100.894200853469
"5219",0.959920938479481,0.13510267158621,0.590958733127918,0.32240508033894,3,3,3,40.9100460838566
"5220",0.180962096363073,0.682364879931556,0.314109426572686,0.630275268066907,3,3,3,157.824228329589
"5221",0.39826540924958,0.638889667250914,0.0126375176815782,0.837434201787692,3,3,3,168.422573804648
"5222",0.640861644918332,0.461098178557586,0.880178704923019,0.00881775614223443,3,3,3,83.9183119602027
"5223",0.56746636873344,0.0681844268459827,0.784846958613489,0.11227083101985,3,3,3,30.4745742634419
"5224",0.468840002713259,0.55987602335983,0.298394191268599,0.3939896288421,3,3,3,127.754799747523
"5225",0.613983321686974,0.163564723051386,0.0198861449875403,0.298688800687669,3,3,3,57.2174822141945
"5226",0.742589439974399,0.587715816246346,0.00523596670129336,0.739316727267578,3,3,3,154.238924199689
"5227",0.798858482699143,0.203455681437626,0.979484947461169,0.744473392067011,3,3,3,43.6662455681327
"5228",0.692802615782712,0.148283163111191,0.518573798525613,0.367967630805215,3,3,3,43.8459297200816
"5229",0.538823476695688,0.546952351204818,0.766322457252536,0.623162449994125,3,3,3,103.817320300311
"5230",0.502973364890786,0.514770423253067,0.342035253504291,0.918819397989428,3,3,3,115.231012298424
"5231",0.602571965245297,0.6186227242928,0.479046584409662,0.972970413299045,3,3,3,132.203729840525
"5232",0.098323000180535,0.276663374955533,0.958237568954937,0.769891916833585,3,3,3,53.5844623869196
"5233",0.0654696951259393,0.667498155379435,0.720675132863689,0.18100476055406,3,3,3,130.770318525106
"5234",0.436914012061898,0.523249815658201,0.415657434621826,0.833743735379539,3,3,3,113.577308397929
"5235",0.28703941015061,0.828912366422592,0.264199855532497,0.984681377609959,3,3,3,203.640442435322
"5236",0.368575795796933,0.102038342577871,0.849193282456836,0.167049682440702,3,3,3,33.437545296894
"5237",0.419760212318506,0.431195972255664,0.770504357013851,0.758655651822919,3,3,3,82.1277760127706
"5238",0.848126469972776,0.251842776818667,0.577454875472467,0.920200719686691,3,3,3,57.6325800473458
"5239",0.0601143636275083,0.457706420334289,0.179333154467167,0.0548840845550876,3,3,3,109.917597958659
"5240",0.982807201705873,0.0884419139160309,0.73706590959453,0.784547749873018,3,3,3,33.2800506081071
"5241",0.507501218533143,0.80197969478555,0.639142404103186,0.73157048001769,3,3,3,167.803771881018
"5242",0.42284204917145,0.50349892687751,0.542449838154716,0.145904394296231,3,3,3,103.561512659931
"5243",0.953899057112867,0.626579573483905,0.860696685058065,0.95333587005618,3,3,3,116.282926288328
"5244",0.895125401221449,0.727295552482829,0.512966341490392,0.12667466945597,3,3,3,156.095882977209
"5245",0.881823395688552,0.259298715959303,0.607741990607465,0.191042624992551,3,3,3,58.0105525851273
"5246",0.319726278930902,0.0110151500441134,0.0820930077426601,0.96414961383678,3,3,3,32.9983408012928
"5247",0.22633958905586,0.375464899508515,0.137850815007696,0.282665366680594,3,3,3,93.8633438180079
"5248",0.00223877406213433,0.420707908801269,0.823594979051268,0.849876114085782,3,3,3,78.8064056580771
"5249",0.772992594569223,0.195789778532926,0.485885899352143,0.538363798520295,3,3,3,51.1646088740904
"5250",0.546538595696911,0.172784561171429,0.798093919089297,0.378992185078096,3,3,3,42.5104028625537
"5251",0.0555738876247779,0.833782721814932,0.618466593367048,0.989531043189345,3,3,3,177.597493931876
"5252",0.893656365089118,0.689780626628781,0.729878789783688,0.425173310654936,3,3,3,135.510275552068
"5253",0.29036903728731,0.353698447346687,0.163015744675649,0.451134530078853,3,3,3,88.3045964981848
"5254",0.426793071677675,0.064554987748852,0.0480674434360117,0.26900671168929,3,3,3,40.889811593864
"5255",0.517952653702814,0.58341093671741,0.396606583044631,0.144293406917714,3,3,3,127.826869895676
"5256",0.382165942338761,0.115541869015433,0.0264065195177682,0.804630903678481,3,3,3,49.1470291946523
"5257",0.76276193820755,0.821951773883775,0.375147504541092,0.86470234504086,3,3,3,192.102706505888
"5258",0.359776744039264,0.947238858635537,0.432318770955317,0.399138091622153,3,3,3,223.789079857821
"5259",0.659696714300662,0.143131157850148,0.717818942882586,0.0142895183712244,3,3,3,39.9671915329041
"5260",0.961569213465555,0.601105777545599,0.941656067476142,0.560130201021675,3,3,3,107.944745115777
"5261",0.148582582771778,0.242101838840172,0.779256981109502,0.999029135055607,3,3,3,52.090666943748
"5262",0.626529555504676,0.959993034454528,0.373869091381785,0.68822455091984,3,3,3,233.740705293438
"5263",0.334995670386124,0.980218729354674,0.566050241147168,0.412089365532156,3,3,3,221.959965701311
"5264",0.127277278163238,0.967026464359369,0.650797524570953,0.230315479200799,3,3,3,210.841463881246
"5265",0.249892565234331,0.333971301878337,0.267178716827184,0.693379587257514,3,3,3,80.4898285235038
"5266",0.486753872238332,0.237097846865654,0.950954974405468,0.254793534743367,3,3,3,48.3520026824441
"5267",0.875781121893087,0.717981426859042,0.811352493433515,0.706210085721687,3,3,3,138.050175605951
"5268",0.686948258397169,0.370554428269388,0.0211866787821054,0.109576606845949,3,3,3,98.0524725966849
"5269",0.268463878866751,0.0942832050437573,0.157436807733029,0.331949142031372,3,3,3,43.0119826197757
"5270",0.696861269469373,0.0399024216260295,0.924722286422038,0.264130627720151,3,3,3,26.2149804850969
"5271",0.0914994020469021,0.985705152987502,0.648872218637262,0.316634190171026,3,3,3,216.506563943887
"5272",0.9109100321203,0.169013186044758,0.362938029698562,0.0884114228270482,3,3,3,49.7150024175835
"5273",0.787671631224221,0.408810581284342,0.320754793434171,0.640977974429261,3,3,3,93.3017182090845
"5274",0.342670797603205,0.429992585254367,0.508519288890529,0.852557197830174,3,3,3,90.450884376493
"5275",0.387064023389248,0.00531245598336682,0.197928784888936,0.807033430901356,3,3,3,30.5654843797319
"5276",0.755852912721457,0.703586366234813,0.252391164898872,0.967727414920228,3,3,3,168.17184211186
"5277",0.00940504258265719,0.780886153145693,0.501749803754501,0.582657230620971,3,3,3,171.169233206126
"5278",0.615746795819141,0.34069565733429,0.0543809888279065,0.313273868996184,3,3,3,90.1061390602857
"5279",0.620337095863651,0.317292164408136,0.422497190573486,0.344419913181337,3,3,3,72.3132452588197
"5280",0.470917839824688,0.894446050480474,0.325447721844539,0.353753715979401,3,3,3,217.300970655838
"5281",0.300805382527178,0.633802617421607,0.282460791300982,0.533560458263382,3,3,3,147.154310374924
"5282",0.595989680412458,0.930039802795509,0.109971067688894,0.710277620527195,3,3,3,252.083779825546
"5283",0.463766679007094,0.698481057500467,0.246683112612227,0.797945375792915,3,3,3,167.068818801005
"5284",0.450674326353474,0.8702862233622,0.0732336741744075,0.292672887204681,3,3,3,234.942414655652
"5285",0.807016465702327,0.888524621841498,0.382855755318888,0.523479870273732,3,3,3,210.642120880818
"5286",0.0123524917720351,0.497334227070678,0.0555825432296842,0.527597719173646,3,3,3,126.569184091669
"5287",0.605825528395362,0.528655493598199,0.711459181603277,0.613954051409382,3,3,3,102.253383240353
"5288",0.826253970761318,0.712066230754135,0.972514279774623,0.288624664120143,3,3,3,129.112196149003
"5289",0.92800145570538,0.312637508191401,0.756946474763099,0.947622661786154,3,3,3,62.9335537626135
"5290",0.971965084504336,0.440654332351405,0.385250154155074,0.419903208453907,3,3,3,97.1601670554412
"5291",0.715997210568748,0.0514171291224193,0.319551389766857,0.000244713225401938,3,3,3,34.4397695133358
"5292",0.637479324145243,0.851371714808047,0.366099166782806,0.06912318023853,3,3,3,200.205664332455
"5293",0.124716664615553,0.446805594938342,0.937096264371648,0.0423058791528456,3,3,3,79.9040081412042
"5294",0.800056438966421,0.76962444588542,0.835739416560391,0.0744495471322443,3,3,3,148.061326645827
"5295",0.999332828534534,0.26549832206103,0.583448631442152,0.248473045524443,3,3,3,59.5201745837315
"5296",0.834382878210163,0.0425537475245073,0.604507832432864,0.328370191303547,3,3,3,29.7229876027038
"5297",0.819833132508211,0.519425741268787,0.0850257741683163,0.895420563720399,3,3,3,130.520165175031
"5298",0.320041584640276,0.693347282588948,0.21482744807261,0.824143162503606,3,3,3,168.032691686717
"5299",0.781884859539568,0.0184056742792018,0.469866633401252,0.905091703105718,3,3,3,28.6330781382844
"5300",0.590087524079718,0.359121730355546,0.402825197884813,0.515757136460161,3,3,3,80.5594504603688
"5301",0.791724342640955,0.563104724251898,0.909126038206741,0.728572097119177,3,3,3,101.834537262854
"5302",0.0177078538807109,0.0837553187995218,0.573289537068922,0.902967409901321,3,3,3,34.8372246387422
"5303",0.215170323523926,0.177346031111665,0.948669155051466,0.754143505617976,3,3,3,40.9142621163585
"5304",0.255883286632597,0.940047616518568,0.885243060713401,0.930545233696466,3,3,3,187.759928931624
"5305",0.663165025288472,0.0475670654152054,0.963509954340989,0.889162962702103,3,3,3,26.6263958455219
"5306",0.710046662460081,0.290479305972112,0.660231412688736,0.60656993870507,3,3,3,61.6817404065588
"5307",0.677479318730766,0.77015233127051,0.0363292138080578,0.372519278303953,3,3,3,206.050140121667
"5308",0.88875319986837,0.936896250705468,0.29130666453857,0.749016827782616,3,3,3,234.638586982717
"5309",0.393514607875841,0.927817845235113,0.599476231419249,0.674508628603071,3,3,3,204.446276059865
"5310",0.164806295668241,0.990930099709658,0.103059657143895,0.825566082161386,3,3,3,274.817592249497
"5311",0.853885034198174,0.306774746674346,0.733439077337971,0.569407149252947,3,3,3,62.5228597649859
"5312",0.562501453290461,0.209525374650257,0.407739898767322,0.430980447605252,3,3,3,54.907284904325
"5313",0.530071831053356,0.0321091702021658,0.643433065277059,0.221916616910603,3,3,3,28.1674343071584
"5314",0.767729811964091,0.744671862052055,0.912404266437516,0.404490699445596,3,3,3,138.966708502963
"5315",0.374974393195007,0.74775659635081,0.181837189359358,0.652353530318942,3,3,3,186.158447792009
"5316",0.171134028290398,0.124582905507414,0.85427068445948,0.589677904695272,3,3,3,35.9416359892845
"5317",0.411855844598031,0.335759513200028,0.92876105418196,0.817282541678287,3,3,3,62.6497035813853
"5318",0.134482664105017,0.786495310360333,0.495335880616913,0.976820872864919,3,3,3,173.402354530672
"5319",0.732934689380927,0.677480546106817,0.969765224241419,0.0602119649259839,3,3,3,121.835451465704
"5320",0.205219468038995,0.708754246277967,0.132763283788227,0.195961855793139,3,3,3,178.223390584305
"5321",0.106752025580499,0.465961360656656,0.460256158376578,0.215097535583191,3,3,3,99.231843959627
"5322",0.408259329203283,0.973951134801609,0.531595645807683,0.0751444723131135,3,3,3,222.256996937011
"5323",0.869998755571432,0.410048959109699,0.435961172883399,0.0832401262922212,3,3,3,88.9595392606535
"5324",0.313315427871421,0.750657699861331,0.999511139256647,0.385700362013886,3,3,3,136.241620140106
"5325",0.68075612420449,0.995743232610403,0.827501056521432,0.669908135627629,3,3,3,206.250704713549
"5326",0.55336660086643,0.11495045990916,0.557706091657747,0.300906684679212,3,3,3,38.857440779081
"5327",0.0445355615753215,0.00461186800617725,0.350700968566816,0.0478614495776128,3,3,3,28.4765093838611
"5328",0.580910536380252,0.364209966304479,0.875686712211464,0.698108646083856,3,3,3,68.190282451394
"5329",0.189629872137448,0.0217756875616033,0.287583019032609,0.176920524518937,3,3,3,31.2872753645129
"5330",0.166277116053971,0.77562093737768,0.0767757644446101,0.13477852688753,3,3,3,203.339063004658
"5331",0.497120836013928,0.900057462102268,0.17076718629105,0.542904893020168,3,3,3,234.7860637525
"5332",0.707802918539382,0.537508735146839,0.236025531371124,0.501185965707991,3,3,3,125.911739690597
"5333",0.305046189809218,0.917297803475521,0.234771993425675,0.0200297091575339,3,3,3,232.400359076714
"5334",0.45536535625346,0.492141793156043,0.129131591526093,0.871556601310149,3,3,3,121.111805036316
"5335",0.244737787910271,0.906709048366174,0.119147661213065,0.225172224584967,3,3,3,241.938518256227
"5336",0.295487411007052,0.282783215901582,0.915018737900537,0.626188400072278,3,3,3,55.2219242168497
"5337",0.260659169558203,0.8150634271733,0.763349292787025,0.478119397253031,3,3,3,163.326956958718
"5338",0.0757590002776124,0.214510658270447,0.144073129170574,0.647236336600035,3,3,3,62.5279096961573
"5339",0.936804626021767,0.659046501362463,0.166998819250148,0.859248608069029,3,3,3,162.078705999096
"5340",0.988963155407691,0.792773660769453,0.626692352539394,0.574913358546328,3,3,3,166.110217536176
"5341",0.0523909580975305,0.953092218021629,0.304229552117176,0.462234973043669,3,3,3,238.066305204853
"5342",0.650494192735059,0.0963379889389034,0.527928684356157,0.3385525824246,3,3,3,36.9783592551828
"5343",0.432178856041282,0.159466909160838,0.223072507695761,0.239275616293307,3,3,3,51.3611083384694
"5344",0.922110040818807,0.134170081805205,0.204907040544786,0.683604127583094,3,3,3,47.9390802559871
"5345",0.943641368889948,0.437884331014939,0.668686977962498,0.152061878924724,3,3,3,86.2955321173844
"5346",0.860057730064727,0.757219700386049,0.229471039798809,0.511015236997046,3,3,3,184.81566022706
"5347",0.738658987091621,0.864227071069181,0.272230740386294,0.444920585958753,3,3,3,213.073140995945
"5348",0.647331619852921,0.48486196998856,0.793414066048572,0.20093201330048,3,3,3,90.9005031019278
"5349",0.0333341720176395,0.730400835094042,0.429255649776896,0.811528049299959,3,3,3,162.898299875868
"5350",0.221647856821073,0.961627867136849,0.694368553414242,0.602167342420435,3,3,3,206.586559353248
"5351",0.948403146126075,0.272634925076272,0.18573610123829,0.929193225592608,3,3,3,71.7240572666782
"5352",0.514157742825337,0.869490394720342,0.931293288209708,0.788672108153114,3,3,3,167.205894325944
"5353",0.252320802875329,0.109239575248212,0.58793280576705,0.843935422223294,3,3,3,37.723279239094
"5354",0.337526435645996,0.394078206984559,0.74404031382408,0.591447561793029,3,3,3,76.4342486394524
"5355",0.728677518981276,0.640096053689485,0.122178293023026,0.597664008468855,3,3,3,159.964835107874
"5356",0.75109399105655,0.383029892394552,0.688291942027863,0.0956613097118679,3,3,3,75.9768015203186
"5357",0.555967528867768,0.248509425615193,0.898826268053381,0.422474401744548,3,3,3,50.767962344244
"5358",0.156190344508504,0.533991694562137,0.682509247327689,0.212412412624108,3,3,3,104.245509512968
"5359",0.903992734865751,0.661662120015826,0.473563070399687,0.470714850077638,3,3,3,142.536773715916
"5360",0.175597886946052,0.565596830167342,0.484251310632098,0.773746501925634,3,3,3,119.714887140291
"5361",0.856368929772871,0.809331641746685,0.113762200601632,0.272961831790162,3,3,3,210.687105478506
"5362",0.19809387299465,0.476223968175473,0.390688879900845,0.380572392641334,3,3,3,104.345790891047
"5363",0.278172618210083,0.552431918191724,0.335451129392022,0.549972530108644,3,3,3,124.084499789079
"5364",0.480533314447384,0.739879142073914,0.53578264550888,0.136507452047663,3,3,3,157.87359254973
"5365",0.821100520500913,0.609932130188681,0.357109791648109,0.617387550148414,3,3,3,136.690200341076
"5366",0.37637340568006,0.595505320162047,0.347209338196553,0.877688560963143,3,3,3,133.867373256023
"5367",0.113793440165464,0.591940275062807,0.190311571671627,0.465908675014507,3,3,3,142.219739958552
"5368",0.544191507213982,0.64622069724137,0.857074781332631,0.760915359278442,3,3,3,120.43559520694
"5369",0.748592916184571,0.32542242204654,0.0316857685439754,0.356215527028544,3,3,3,87.8597081577962
"5370",0.200988061525859,0.610026830844581,0.81822200986091,0.89336902037845,3,3,3,114.582759655508
"5371",0.143527021728223,0.302272192683304,0.307845829351572,0.480071426740615,3,3,3,73.1657740667814
"5372",0.446616101721302,0.846971373772249,0.992294757177588,0.993243711788673,3,3,3,158.639810790521
"5373",0.843048589075916,0.320887102788547,0.655162641993957,0.869787908192957,3,3,3,66.6596330246121
"5374",0.871708422728116,0.183172412016429,0.87446658605244,0.206964012365788,3,3,3,42.6535274834267
"5375",0.587033757695463,0.0287751346617006,0.708021899322048,0.039865339808166,3,3,3,27.1460133166376
"5376",0.0469561493664514,0.057348134147469,0.844616696545854,0.912887992920587,3,3,3,28.7365338932366
"5377",0.354556119998451,0.761235086952802,0.806702947326703,0.122108510596445,3,3,3,147.688562955021
"5378",0.329610152231762,0.855870765951695,0.443015075449366,0.657248631829862,3,3,3,196.227196123476
"5379",0.701339621484512,0.454651742328424,0.0954391336941626,0.243265694899019,3,3,3,113.694230604699
"5380",0.520903832457261,0.486325535855722,0.217203741450794,0.700988439109642,3,3,3,114.917567354145
"5381",0.666558123258874,0.230264147934504,0.8302556541597,0.556305540865287,3,3,3,49.5096940598311
"5382",0.138248773111263,0.540840599597432,0.151978617288405,0.639888279072475,3,3,3,131.7037559575
"5383",0.917663750274805,0.835372370092664,0.275878275494324,0.278313083562534,3,3,3,203.653407382938
"5384",0.976986509151757,0.404054673394421,0.554945091335103,0.406599979267921,3,3,3,83.8514423825755
"5385",0.210988200590946,0.624077083347365,0.209349542675773,0.0583372498315293,3,3,3,148.915214435869
"5386",0.633068802162306,0.285495868450962,0.0410058618953917,0.882881723123137,3,3,3,79.3523594761438
"5387",0.673948031750042,0.720381902704248,0.704947165459162,0.456868084714515,3,3,3,143.837142360517
"5388",0.152312205225462,0.572296959494706,0.893338932121405,0.162320571403252,3,3,3,103.918825632451
"5389",0.778551950502442,0.395166323904414,0.985229390570894,0.0182243277179077,3,3,3,70.32009023881
"5390",0.117948899626499,0.223476392475422,0.980675610725302,0.0914808099751826,3,3,3,46.1047296428974
"5391",0.194047960292082,0.127300724480301,0.524731519479537,0.0256289889395703,3,3,3,40.9294856228448
"5392",0.28497470941511,0.899685685908189,0.622331173238345,0.496514889770187,3,3,3,194.642254602686
"5393",0.102202201881446,0.652698554575909,0.0044082662567962,0.259516401538858,3,3,3,172.612831853368
"5394",0.363137600228656,0.811812113214983,0.752595541953342,0.170789300157921,3,3,3,162.801570076121
"5395",0.230958960023709,0.921254303550813,0.0941559160582256,0.958355419106083,3,3,3,251.265927838288
"5396",0.236726883425144,0.219584293096559,0.631571323368698,0.793470455957577,3,3,3,51.713617435225
"5397",0.572567461393774,0.416061831257539,0.787187564178603,0.660185748520307,3,3,3,78.999381187612
"5398",0.444652411388233,0.877484302981757,0.677334230225533,0.345461944936542,3,3,3,184.55361222989
"5399",0.812799519449472,0.57869052354712,0.0687804657209199,0.157067555849208,3,3,3,146.60074442935
"5400",0.990471086240141,0.509341315561906,0.492156973144738,0.942864220144693,3,3,3,107.18187557604
